1488
2 3
3 4
2 3
1 2
3 4
4 5
4 5
2 3
3 4
4 5
5 6
4 5
4 5
4 5
3 4
5 6
5 6
6 7
5 6
4 5
4 5
4 5
5 6
5 6
6 7
7 8
5 6
6 7
7 8
6 7
6 7
5 6
5 6
7 8
8 9
6 7
8 9
7 8
6 7
8 9
7 8
6 7
8 9
9 10
8 9
7 8
8 9
7 8
9 10
10 11
8 9
8 9
10 11
2 4
3 5
4 6
3 5
3 5
2 4
2 4
3 5
4 6
5 7
3 5
3 5
2 4
4 6
2 4
4 6
4 6
5 7
6 8
5 7
5 7
3 5
3 5
4 6
5 7
5 7
5 7
4 6
5 7
6 8
7 9
5 7
5 7
4 6
5 7
5 7
6 8
5 7
4 6
6 8
7 9
8 10
5 7
5 7
5 7
5 7
7 9
6 8
5 7
7 9
8 10
9 11
7 9
6 8
8 10
9 11
10 12
7 9
9 11
10 12
10 12
5 9
5 9
5 9
5 9
5 9
4 7
2 6
1 4
3 7
4 8
4 7
1 4
3 7
3 7
6 10
6 10
6 10
6 10
6 10
6 10
4 7
2 6
3 7
5 8
4 7
6 10
6 10
4 7
3 7
7 11
7 11
7 11
7 11
7 11
7 11
7 11
4 7
3 6
3 6
5 8
4 7
3 6
6 9
4 7
3 7
8 12
8 12
8 12
8 12
8 12
8 12
8 12
8 12
4 7
5 8
4 7
6 9
4 7
4 7
9 13
9 13
9 13
9 13
9 13
9 13
9 13
9 13
9 13
5 8
5 8
5 8
6 9
5 8
5 8
10 14
10 14
10 14
10 14
10 14
10 14
10 14
10 14
10 14
10 14
6 9
11 15
11 15
11 15
11 15
11 15
11 15
11 15
11 15
11 15
11 15
7 10
7 10
12 16
12 16
12 16
12 16
12 16
12 16
12 16
12 16
12 16
12 16
13 17
13 17
13 17
13 17
13 17
13 17
13 17
13 17
13 17
13 17
14 18
14 18
14 18
14 18
14 18
14 18
14 18
14 18
14 18
14 18
2 6
3 7
4 8
5 9
6 10
4 8
2 6
3 7
4 8
3 7
6 10
4 8
6 10
1 5
3 7
3 7
3 7
4 8
5 9
6 10
7 11
7 11
4 8
2 6
3 7
4 8
3 7
6 10
4 8
6 10
3 7
3 7
4 8
5 9
6 10
7 11
8 12
7 11
8 12
8 12
4 8
3 7
4 8
3 7
6 10
4 8
6 10
3 7
3 7
5 9
6 10
7 11
8 12
9 13
7 11
8 12
9 13
8 12
9 13
9 13
4 8
4 8
6 10
4 8
6 10
6 10
7 11
8 12
9 13
10 14
7 11
8 12
9 13
10 14
8 12
9 13
10 14
9 13
10 14
10 14
6 10
6 10
7 11
8 12
9 13
10 14
7 11
8 12
9 13
10 14
11 15
8 12
9 13
10 14
11 15
9 13
10 14
11 15
10 14
11 15
11 15
6 10
6 10
8 12
9 13
10 14
7 11
8 12
9 13
10 14
11 15
12 16
8 12
9 13
10 14
11 15
12 16
9 13
10 14
11 15
12 16
10 14
11 15
12 16
11 15
12 16
12 16
9 13
10 14
8 12
9 13
10 14
11 15
12 16
13 17
8 12
9 13
10 14
11 15
12 16
13 17
9 13
10 14
11 15
12 16
13 17
10 14
11 15
12 16
13 17
11 15
12 16
13 17
12 16
13 17
13 17
10 14
9 13
10 14
11 15
12 16
13 17
14 18
9 13
10 14
11 15
12 16
13 17
14 18
9 13
10 14
11 15
12 16
13 17
14 18
10 14
11 15
12 16
13 17
14 18
11 15
12 16
13 17
14 18
12 16
13 17
14 18
13 17
14 18
14 18
10 14
11 15
12 16
13 17
14 18
15 19
10 14
11 15
12 16
13 17
14 18
15 19
10 14
11 15
12 16
13 17
14 18
15 19
10 14
11 15
12 16
13 17
14 18
15 19
11 15
12 16
13 17
14 18
15 19
12 16
13 17
14 18
15 19
13 17
14 18
15 19
14 18
15 19
15 19
2 6
3 7
4 9
2 7
1 6
3 8
3 7
8 12
2 7
3 8
4 9
2 7
2 7
3 8
3 7
6 11
9 13
9 13
3 8
4 9
3 8
3 8
3 8
5 10
7 12
10 14
8 12
10 14
10 14
4 9
4 9
6 11
8 13
11 15
7 12
9 13
11 15
9 13
11 15
11 15
5 10
7 12
9 14
12 16
6 11
8 13
10 14
12 16
8 13
10 14
12 16
10 14
12 16
12 16
8 13
10 15
13 17
7 12
9 14
11 15
13 17
8 13
9 14
11 15
13 17
10 14
11 15
13 17
11 15
13 17
13 17
9 14
11 16
14 18
8 13
10 15
12 16
14 18
9 14
10 15
12 16
14 18
9 14
11 15
12 16
14 18
11 15
12 16
14 18
12 16
14 18
14 18
10 15
12 17
15 19
9 14
11 16
13 17
15 19
10 15
11 16
13 17
15 19
9 14
10 15
12 16
13 17
15 19
10 15
12 16
13 17
15 19
12 16
13 17
15 19
13 17
15 19
15 19
11 16
13 18
16 20
10 15
12 17
14 18
16 20
11 16
12 17
14 18
16 20
10 15
11 16
13 17
14 18
16 20
10 15
11 16
13 17
14 18
16 20
11 16
13 17
14 18
16 20
13 17
14 18
16 20
14 18
16 20
16 20
3 8
4 9
1 7
4 9
3 8
2 8
9 13
3 8
4 9
2 8
2 8
5 11
10 14
10 14
3 9
4 9
6 12
11 15
8 13
11 15
11 15
4 10
7 13
12 16
6 12
9 14
12 16
9 14
12 16
12 16
8 14
13 17
7 13
10 15
13 17
8 13
10 15
13 17
10 15
13 17
13 17
9 15
14 18
8 14
11 16
14 18
7 13
9 14
11 16
14 18
9 15
11 16
14 18
12 16
14 18
14 18
10 16
15 19
9 15
12 17
15 19
8 14
10 15
12 17
15 19
8 14
10 16
12 17
15 19
11 16
13 17
15 19
13 17
15 19
15 19
11 17
16 20
10 16
13 18
16 20
9 15
11 16
13 18
16 20
9 15
11 17
13 18
16 20
10 15
12 17
14 18
16 20
12 17
14 18
16 20
14 18
16 20
16 20
12 18
17 21
11 17
14 19
17 21
10 16
12 17
14 19
17 21
10 16
12 18
14 19
17 21
11 16
13 18
15 19
17 21
11 17
13 18
15 19
17 21
13 18
15 19
17 21
15 19
17 21
17 21
4 9
2 8
2 8
10 14
2 9
2 9
4 11
11 15
11 15
5 12
12 16
8 13
12 16
12 16
6 13
13 17
5 12
9 14
13 17
9 15
13 17
13 17
7 14
14 18
6 13
10 15
14 18
7 14
10 16
14 18
11 16
14 18
14 18
8 15
15 19
7 14
11 16
15 19
8 15
11 17
15 19
9 15
12 17
15 19
12 17
15 19
15 19
9 16
16 20
8 15
12 17
16 20
9 16
12 18
16 20
10 16
13 18
16 20
10 16
13 18
16 20
13 18
16 20
16 20
10 17
17 21
9 16
13 18
17 21
10 17
13 19
17 21
11 17
14 19
17 21
9 16
11 17
14 19
17 21
12 18
14 19
17 21
14 19
17 21
17 21
11 18
18 22
10 17
14 19
18 22
11 18
14 20
18 22
12 18
15 20
18 22
10 17
12 18
15 20
18 22
10 17
13 19
15 20
18 22
13 19
15 20
18 22
15 20
18 22
18 22
11 15
3 11
12 16
12 16
4 12
13 17
7 14
13 17
13 17
5 13
14 18
8 15
14 18
9 15
14 18
14 18
6 14
15 19
9 16
15 19
6 14
10 16
15 19
11 17
15 19
15 19
7 15
16 20
10 17
16 20
7 15
11 17
16 20
8 16
12 18
16 20
12 18
16 20
16 20
8 16
17 21
11 18
17 21
8 16
12 18
17 21
9 17
13 19
17 21
10 17
13 19
17 21
14 19
17 21
17 21
9 17
18 22
12 19
18 22
9 17
13 19
18 22
10 18
14 20
18 22
11 18
14 20
18 22
12 18
15 20
18 22
15 20
18 22
18 22
10 18
19 23
13 20
19 23
10 18
14 20
19 23
11 19
15 21
19 23
12 19
15 21
19 23
10 18
13 19
16 21
19 23
13 19
16 21
19 23
16 21
19 23
19 23
12 16
13 17
13 17
14 18
7 14
14 18
14 18
15 19
8 15
15 19
9 16
15 19
15 19
16 20
9 16
16 20
10 17
16 20
11 17
16 20
16 20
17 21
10 17
17 21
11 18
17 21
8 16
12 18
17 21
13 19
17 21
17 21
18 22
11 18
18 22
12 19
18 22
9 17
13 19
18 22
10 18
14 20
18 22
14 20
18 22
18 22
19 23
12 19
19 23
13 20
19 23
10 18
14 20
19 23
11 19
15 21
19 23
11 19
15 21
19 23
15 21
19 23
19 23
20 24
13 20
20 24
14 21
20 24
11 19
15 21
20 24
12 20
16 22
20 24
12 20
16 22
20 24
13 20
16 22
20 24
16 22
20 24
13 17
14 18
14 18
15 19
6 15
15 19
15 19
16 20
7 16
16 20
9 17
16 20
16 20
17 21
8 17
17 21
10 18
17 21
11 18
17 21
17 21
18 22
9 18
18 22
11 19
18 22
7 17
12 19
18 22
13 19
18 22
18 22
19 23
10 19
19 23
12 20
19 23
8 18
13 20
19 23
9 18
14 20
19 23
14 21
19 23
19 23
20 24
11 20
20 24
13 21
20 24
9 19
14 21
20 24
10 19
15 21
20 24
11 20
15 22
20 24
15 22
20 24
21 25
12 21
21 25
14 22
21 25
10 20
15 22
21 25
11 20
16 22
21 25
12 21
16 23
21 25
12 21
16 23
21 25
14 18
15 19
15 19
16 20
5 15
16 20
16 20
17 21
6 16
17 21
9 17
17 21
17 21
18 22
7 17
18 22
10 18
18 22
11 19
18 22
18 22
19 23
8 18
19 23
11 19
19 23
12 20
19 23
13 20
19 23
19 23
20 24
9 19
20 24
12 20
20 24
13 21
20 24
8 19
14 21
20 24
14 21
20 24
21 25
10 20
21 25
13 21
21 25
14 22
21 25
9 20
15 22
21 25
10 20
15 22
21 25
22 26
11 21
22 26
14 22
22 26
15 23
22 26
10 21
16 23
22 26
11 21
16 23
22 26
15 19
16 20
16 20
17 21
4 16
17 21
17 21
18 22
5 17
18 22
8 18
18 22
18 22
19 23
6 18
19 23
9 19
19 23
11 20
19 23
19 23
20 24
7 19
20 24
10 20
20 24
12 21
20 24
13 21
20 24
21 25
8 20
21 25
11 21
21 25
13 22
21 25
14 22
21 25
22 26
9 21
22 26
12 22
22 26
14 23
22 26
15 23
22 26
23 27
10 22
23 27
13 23
23 27
15 24
23 27
16 24
23 27
16 20
17 21
17 21
18 22
18 22
18 22
19 23
19 23
7 19
19 23
19 23
20 24
20 24
8 20
20 24
10 20
20 24
21 25
21 25
9 21
21 25
11 21
21 25
22 26
22 26
10 22
22 26
12 22
22 26
23 27
23 27
11 23
23 27
13 23
23 27
24 28
24 28
12 24
24 28
14 24
24 28
17 21
18 22
18 22
19 23
19 23
19 23
20 24
20 24
7 19
20 24
21 25
21 25
8 20
21 25
22 26
22 26
9 21
22 26
23 27
23 27
10 22
23 27
24 28
24 28
11 23
24 28
25 29
25 29
12 24
25 29
18 22
19 23
19 23
20 24
20 24
21 25
21 25
22 26
22 26
23 27
23 27
24 28
24 28
25 29
25 29
26 30
26 30
19 23
20 24
21 25
22 26
23 27
24 28
25 29
26 30
27 31
5 7
5 7
5 5
5 5
6 2
5 8
5 7
6 2
6 5
6 5
5 5
6 4
5 8
5 8
6 4
5 7
8 6
6 7
7 6
6 7
4 7
5 7
4 7
7 6
9 6
4 8
10 6
7 6
7 6
5 7
4 7
7 6
3 5
3 5
5 4
4 4
3 6
2 6
2 7
6 3
5 4
4 4
4 4
5 3
5 3
4 6
5 8
4 6
7 10
6 9
5 7
4 6
6 5
4 5
7 6
7 6
7 6
7 6
7 6
3 4
5 5
7 6
7 7
6 6
8 9
7 7
5 4
7 7
5 5
5 4
5 4
5 2
3 7
3 6
3 7
5 1
3 8
6 1
3 8
5 2
4 3
4 4
4 4
3 7
5 3
3 7
7 7
7 6
7 6
5 7
5 8
7 5
4 9
8 5
8 4
7 6
7 5
7 6
6 2
5 2
4 3
8 2
5 2
4 2
4 7
2 7
5 8
5 8
3 7
7 8
6 8
5 7
4 6
6 10
4 7
3 7
6 1
9 2
7 4
7 4
7 6
7 4
7 5
7 4
7 6
3 8
3 8
8 4
7 4
8 4
7 4
2 9
5 2
7 4
8 4
7 4
6 5
7 6
7 6
5 4
5 4
8 4
9 4
6 4
8 4
7 6
4 4
5 5
5 4
5 4
5 8
5 4
3 7

Tiempo de ejecución: 0.00100000000 segundos
