578
11 6
15 10
10 5
10 5
10 5
10 5
13 8
10 5
15 10
15 10
10 5
13 8
10 5
15 10
10 5
12 7
10 5
10 5
10 5
10 5
10 5
15 10
13 16
8 19
15 15
8 20
13 17
17 14
8 19
18 13
9 19
18 13
25 10
18 13
21 12
9 19
12 17
8 20
25 10
13 16
8 20
14 16
5 10
10 7
5 10
5 10
13 5
9 7
10 7
9 7
5 10
11 6
8 8
5 9
11 6
8 8
11 6
12 6
15 5
12 6
13 5
5 10
15 5
8 8
5 10
6 9
12 6
10 7
9 7
7 8
5 10
12 13
12 13
10 8
12 13
11 12
11 11
10 8
12 12
10 8
10 8
11 11
10 8
11 12
10 8
13 16
15 20
10 9
13 17
5 10
5 10
7 16
8 19
8 19
8 20
5 10
6 15
6 14
7 17
6 14
6 14
8 19
5 10
8 21
5 10
8 19
10 25
5 10
7 17
9 6
10 6
9 6
12 8
15 10
8 5
15 10
15 10
15 10
13 8
15 10
15 10
11 7
8 5
8 5
10 6
9 6
15 10
12 13
10 15
10 15
20 8
12 13
13 12
15 10
10 15
10 15
18 9
15 10
18 9
15 10
20 8
17 9
14 11
10 15
20 8
10 15
10 15
19 8
12 13
17 9
10 15
5 10
12 13
9 12
12 13
9 12
5 10
25 20
9 12
11 13
6 10
7 11
10 12
11 13
7 11
5 10
9 12
15 15
5 10
7 11
13 14
9 12
15 15
5 10
9 8
9 8
5 10
8 8
5 9
9 8
10 8
10 8
8 8
5 10
6 9
9 8
8 8
5 10
10 15
12 13
13 12
16 11
10 15
10 15
18 9
16 11
18 9
16 11
17 10
21 7
15 11
10 15
10 15
10 15
19 8
12 13
17 10
10 15
7 15
6 17
6 16
5 20
7 16
6 17
5 20
8 18
8 17
10 15
10 15
8 17
5 25
8 18
5 25
10 15
5 25
7 19
10 15
8 18
7 20
10 15
10 5
10 5
10 5
10 5
17 7
10 5
10 5
20 8
10 5
13 6
10 5
10 5
20 8
10 5
10 5
18 7
10 5
9 10
10 5
9 9
10 5
9 11
8 16
10 5
9 8
10 5
8 13
10 5
9 8
8 18
10 5
10 5
8 13
8 18
9 8
9 11
8 20
8 13
9 5
10 5
8 20
9 8
8 16
11 11
10 5
10 8
10 5
12 13
10 5
10 8
10 5
10 8
11 11
10 5
10 8
10 5
10 5
11 12
13 17
10 5
10 5
10 5
11 9
13 18
9 10
20 15
9 10
12 12
20 15
20 15
8 10
12 11
8 10
13 12
8 10
9 10
16 13
12 11
9 10
15 13
9 9
10 5
9 11
8 17
10 5
9 8
10 5
9 13
10 5
9 8
8 18
10 5
10 5
9 13
8 17
9 8
9 11
8 21
9 13
9 5
10 5
10 5
9 8
8 25
8 16
13 8
8 9
5 9
13 8
11 8
13 8
11 8
14 8
9 9
15 8
5 10
8 9
5 10
6 9
11 8
9 9
10 9
5 10
15 10
15 10
10 5
13 8
20 15
15 10
15 10
10 5
12 7
10 5
10 5
16 11
17 12
10 5
10 5
10 5
15 10
16 11
10 15
8 8
9 12
8 9
9 13
10 15
8 8
10 15
10 15
8 5
9 11
8 8
10 15
15 10
15 10
15 9
15 10
15 10
14 10
16 9
18 6
12 12
10 15
18 6
10 15
10 15
17 7
12 12
15 10
20 5
10 15
15 10
18 9
15 10
15 10
16 9
16 9
25 8
20 8
15 10
17 9
5 8
7 13
7 13
10 20
7 14
7 13
8 17
5 9
10 20
5 8
8 16
5 8
8 16
13 8
20 15
15 10
15 10
10 5
12 7
10 5
10 5
16 11
17 12
10 5
10 5
10 5
15 10
16 11
13 8
11 8
17 9
16 9
10 8
9 8
8 8
5 8
25 10
11 8
9 8
5 8
17 9
15 10
15 10
10 5
12 7
10 5
10 5
16 11
17 12
10 5
10 5
10 5
15 10
16 11
7 13
8 10
6 16
7 14
8 10
5 25
5 25
6 16
7 11
6 17
6 18
10 8
10 8
11 8
15 10
16 9
5 15
5 15
6 14
20 8
9 12
6 14
8 13
19 8
12 11
8 13
18 8
5 14
12 6
10 5
10 5
18 10
19 11
11 6
10 5
10 5
17 10
12 6
13 5
8 10
15 5
8 9
12 6
10 7
9 8
9 8
5 15
6 16
8 18
10 20
7 17
8 18
6 16
7 17
10 5
11 6
10 5
10 5
17 6
10 5
10 5
19 6
6 14
9 13
20 10
6 14
9 13
12 12
8 13
17 11
5 14
6 15
7 11
6 16
5 20
10 15
5 25
7 19
10 15
8 18
7 20
10 15
8 8
5 10
6 9
9 8
8 8
5 10
18 7
10 15
8 5
9 11
8 8
10 15
13 16
15 15
7 22
8 20
5 10
7 17
8 13
5 8
10 15
10 5
9 5
18 8
10 5
11 9
14 17
9 8
8 16
6 18

Tiempo de ejecución: 0.00100000000 segundos
