649
6 13
7 15
7 15
5 10
6 14
8 19
5 9
10 25
5 10
7 16
6 13
6 11
5 10
6 12
5 9
5 8
7 17
8 21
5 9
7 16
5 9
5 10
10 25
5 10
5 10
8 19
6 14
5 10
7 17
6 13
10 10
10 10
8 11
8 11
5 15
9 10
10 10
7 12
9 10
10 10
6 13
8 11
5 15
10 10
10 10
8 11
9 10
7 12
8 11
6 13
10 10
8 11
9 10
7 12
6 15
6 15
5 10
6 14
5 10
5 10
7 17
6 13
5 10
5 10
6 13
5 10
7 17
5 10
7 17
5 10
5 10
5 10
5 10
5 10
6 15
5 10
7 17
10 10
9 8
9 8
9 9
9 9
10 10
9 8
9 9
10 10
9 7
9 8
9 8
9 8
9 7
10 10
10 10
9 8
9 8
9 9
9 9
8 5
10 10
9 9
16 12
14 11
10 10
10 10
11 10
13 11
10 10
10 10
17 12
10 10
11 10
5 20
7 14
9 8
9 9
10 8
9 8
7 12
10 8
8 11
7 14
8 11
10 8
10 8
9 8
5 20
10 8
8 10
10 8
9 9
7 12
8 11
6 15
9 10
10 8
8 11
9 8
5 20
5 20
7 14
9 8
9 9
10 8
9 8
7 12
10 8
8 11
7 14
8 11
10 8
10 8
9 8
5 20
10 8
8 10
10 8
9 9
7 12
8 11
6 15
9 10
10 8
8 11
9 8
5 20
5 20
10 5
13 8
10 5
10 5
12 7
10 5
13 8
10 5
10 5
15 10
12 7
10 5
10 5
13 8
15 10
11 6
10 5
15 10
10 5
5 10
8 10
5 10
5 10
5 10
8 10
5 10
8 10
5 10
5 10
5 10
5 10
5 10
5 10
8 10
8 10
12 13
9 13
10 13
9 14
8 14
5 15
7 14
13 12
5 15
25 10
12 13
11 13
8 14
8 14
17 12
8 14
9 14
8 14
6 14
13 12
9 13
6 14
12 13
20 8
10 15
10 15
13 12
18 8
18 9
12 13
10 15
15 10
20 8
10 15
17 10
13 12
12 13
10 15
10 15
9 9
10 5
10 5
9 8
9 14
9 9
9 10
9 11
10 5
9 8
9 8
9 8
10 5
10 5
8 16
9 11
8 21
9 8
10 5
10 5
9 9
9 9
9 14
9 15
9 10
9 11
8 25
10 5
10 5
8 16
10 9
9 9
5 10
9 9
5 10
5 10
8 9
9 9
5 10
11 8
11 8
8 9
11 8
5 10
9 9
13 8
9 9
5 10
5 10
8 9
5 10
5 10
5 10
9 9
13 8
10 8
5 10
10 5
13 6
10 5
17 7
10 5
10 5
13 6
10 5
10 5
20 8
13 6
10 5
10 5
10 5
10 8
10 15
10 8
10 10
10 11
10 5
10 8
10 8
10 8
10 5
10 5
10 15
10 10
10 10
10 20
10 8
10 5
10 5
10 8
10 9
10 15
10 25
10 10
10 8
10 11
10 5
10 5
10 5
10 15
10 15
9 8
8 10
15 5
9 9
10 8
10 7
8 10
15 5
9 9
12 7
9 8
8 9
8 9
8 10
15 5
9 8
12 7
8 10
10 8
8 10
8 13
7 12
5 10
5 10
7 12
5 10
15 20
10 15
8 13
5 10
8 13
8 13
5 10
10 15
8 13
5 10
5 10
5 10
9 14
7 12
13 18
5 10
10 15
10 15
9 10
7 14
9 11
10 8
10 8
9 8
7 17
5 25
10 8
8 14
10 8
9 9
8 13
8 12
7 17
9 10
10 8
9 11
9 9
7 17
6 13
8 11
5 15
10 10
10 10
8 11
9 10
7 12
8 11
6 13
10 10
8 11
9 10
7 12
5 10
6 12
5 10
8 15
5 10
8 15
7 14
5 10
5 10
5 10
5 10
5 10
7 13
5 10
7 10
5 10
12 12
12 12
9 11
5 10
8 11
20 15
9 11
5 10
5 10
8 11
5 10
5 10
5 10
9 11
7 10
11 12
5 10
8 8
8 8
10 5
8 10
8 8
10 5
10 5
8 9
8 9
8 10
10 5
10 5
8 10
10 5
8 10
19 9
15 5
18 8
20 10
15 5
10 8
9 8
10 8
9 9
10 8
8 9
7 12
8 10
6 13
8 10
10 8
7 10
9 8
7 11
9 8
8 8
10 8
9 8
10 8
5 10
5 10
8 8
5 10
5 10
10 8
5 10
9 8
5 10
11 8
8 8
11 8
9 8
9 8
13 8
9 8
13 8
8 8
9 8
13 8
10 8
10 5
12 12
11 8
10 5
10 5
11 9
11 10
10 7
12 12
10 5
10 5
10 5
15 20
8 8
10 5
10 5
8 9
8 9
8 10
10 5
10 5
8 10
10 5
8 10
15 10
7 17
10 15
9 15
7 17
15 10
12 12
8 16
15 10
5 20
12 13
10 15
10 15
10 10
12 7
10 9
10 10
15 5
12 7
11 9
8 15
8 13
8 13
10 10
9 11
9 11
5 25
9 20
8 21
9 8
10 8
5 10
5 10
8 8
5 10
5 10
10 8
5 10
9 8
5 10
10 5
8 14
9 9
8 13
8 11
9 10
8 11
10 5
10 5
10 5
13 8
15 10
11 6
20 15
10 5
15 10
10 5
9 9
8 13
8 12
7 17
9 10
10 8
9 11
9 9
7 17
5 10
8 9
5 10
5 10
5 10
9 9
13 8
11 9
5 10
8 13
5 10
5 10
5 10
9 14
7 12
5 10
10 15
10 15
8 10
8 11
9 15
9 15
5 10
5 10
6 15
5 10
7 17
5 10
9 10
15 10
8 10
11 10
8 10
11 6
10 7
9 11
7 10
11 12
5 10
10 5
10 5
8 16
10 5
8 10
5 20
13 18
10 15

Tiempo de ejecución: 0.00100000000 segundos
