240
9 16
15 25
7 13
8 15
10 17
7 13
13 22
14 24
15 25
8 15
11 19
12 21
5 10
8 15
9 17
11 19
8 15
8 15
9 17
10 16
12 15
8 18
10 15
11 15
9 16
8 17
11 15
12 15
5 17
12 22
14 24
15 25
5 17
10 21
7 18
5 17
8 19
11 22
9 20
8 12
7 12
6 14
5 18
7 12
5 18
8 11
8 11
6 22
9 28
5 20
6 23
10 30
16 14
15 15
15 15
25 10
21 11
17 13
17 15
12 8
20 20
17 15
19 19
19 19
13 10
16 15
14 11
12 9
14 11
18 17
15 13
17 16
10 10
11 11
11 12
11 12
14 17
10 10
11 12
12 13
10 10
13 15
12 14
15 18
20 25
20 25
10 10
8 11
8 11
15 15
22 17
21 17
16 15
25 18
19 16
20 16
18 15
7 13
8 15
6 8
10 20
5 5
7 12
8 15
9 18
8 15
8 16
6 9
17 9
18 10
15 8
15 8
11 12
10 13
11 9
11 12
10 16
10 13
10 16
11 9
10 14
25 18
28 18
23 19
8 13
12 12
10 12
8 13
9 13
15 11
23 6
21 7
16 10
15 19
13 21
11 23
18 18
11 23
14 20
15 20
7 20
7 21
8 20
8 20
22 17
21 17
16 15
30 20
19 16
20 16
18 16
20 8
18 7
19 20
17 21
16 22
22 16
25 15
21 17
16 22
9 28
17 21
17 22
17 22
25 13
22 16
21 17
16 22
17 22
28 10
13 11
9 14
5 18
15 10
10 13
8 15
12 12
8 15
10 13
13 17
18 22
14 17
20 25
12 15
5 8
22 11
18 14
11 19
12 18
14 17
13 17
7 20
8 20
11 21
16 22
9 20
18 22
23 12
19 10
23 12
14 11
20 15
16 12
20 14
18 7
10 6
10 6
10 9
20 6
11 9
15 8
8 20
12 25
9 21
9 14
8 13
10 13
8 15
8 14
10 13
11 15
10 16
12 13
8 18
11 15
19 16
27 9
27 8
22 13
11 17
10 5
10 14
18 15
30 10
24 8
8 15
14 18
13 14
17 11
8 11

Tiempo de ejecución: 0.00000000000 segundos
