421
18 19
12 23
15 21
17 19
17 20
15 21
20 18
20 18
14 22
13 12
13 13
14 14
14 14
13 12
10 9
10 8
13 12
13 12
10 8
13 13
10 8
11 10
13 12
12 10
10 8
13 12
13 12
10 8
18 20
24 10
20 16
22 14
24 10
19 17
20 15
19 17
21 14
13 24
15 21
17 20
22 16
23 15
30 10
17 20
15 22
22 16
21 16
23 15
14 22
11 14
12 13
17 10
13 12
15 11
13 12
10 15
14 11
14 12
15 10
17 9
11 14
11 13
13 12
15 11
10 14
15 11
15 11
10 14
13 12
13 12
17 9
20 8
10 22
10 22
10 22
5 20
15 25
10 22
10 22
12 16
16 23
13 17
10 13
18 26
13 18
9 11
17 24
9 12
8 10
12 16
16 22
11 14
16 23
8 9
19 26
8 10
12 17
11 14
10 13
12 16
8 10
11 15
14 18
8 10
9 11
8 10
8 10
15 14
15 13
12 12
10 12
15 14
10 12
17 14
12 13
13 13
13 13
16 14
11 12
13 13
18 15
19 12
14 14
25 10
15 14
8 17
17 13
12 16
8 17
24 10
13 15
16 14
18 13
11 16
14 15
12 15
12 15
18 13
11 16
16 14
16 13
18 17
17 21
20 10
16 22
16 23
18 16
19 14
18 17
19 11
19 13
18 14
16 24
12 19
15 13
10 25
12 19
16 10
15 13
16 11
17 9
10 23
14 15
10 25
16 11
13 17
16 11
13 17
15 13
15 13
17 9
11 21
16 10
9 13
6 14
13 12
5 15
14 12
14 12
14 12
11 13
10 13
13 12
9 13
15 12
9 13
13 12
12 12
8 14
15 12
5 15
22 15
23 13
19 24
21 19
21 19
22 17
22 15
16 17
15 18
11 19
11 19
11 19
22 15
12 19
19 17
21 16
10 19
18 17
11 19
22 15
13 18
10 20
8 10
8 10
7 10
8 10
5 8
9 11
8 11
8 10
23 13
20 15
20 14
20 15
16 16
17 23
15 11
17 22
15 10
15 13
15 10
16 16
15 11
15 11
15 11
15 13
15 13
18 25
15 11
8 17
8 19
11 8
10 8
12 5
9 12
10 10
9 13
11 8
9 13
10 11
10 11
12 5
16 14
17 12
16 16
17 12
15 20
17 14
17 14
6 15
9 9
8 12
10 8
8 12
8 10
7 12
10 8
8 11
8 10
8 11
9 10
10 8
11 19
11 19
12 13
11 18
14 7
13 11
15 5
10 22
12 14
10 25
13 11
12 15
13 10
12 16
13 12
13 12
14 7
11 20
11 19
12 18
10 21
10 20
10 18
17 23
19 24
12 19
10 18
11 19
5 15
14 12
14 12
16 11
18 10
11 14
11 13
13 12
15 11
10 14
15 11
15 11
10 14
13 12
13 12
18 10
15 11
10 18
21 19
23 18
24 16
16 23
8 9
10 8
8 10
16 6
11 8
20 5
11 8
8 10
14 7
9 9
8 9
22 17
22 15
8 12
8 10
8 11
8 10
8 11
10 5
8 10
14 12
15 10
13 14
14 11
13 16
14 10
12 17
14 13
14 13
11 9
20 18
13 11
13 11
10 8
16 14
15 13
10 8
16 11
15 10
17 12
20 15
16 11
7 10
6 11
7 10
8 10
7 10
17 8
18 10
17 9
11 13
10 23
11 10
11 14
11 9
11 15
11 11
11 12
12 5
10 20
13 14
8 12
8 12
14 11
12 16
14 10
12 16
13 12
13 12
11 20
5 10
15 11
15 11
6 10
9 10
5 10
8 10
15 11
8 10
10 14
5 10
8 12
7 11
15 11
17 9
15 12
15 11
10 8
7 10
8 12
7 11
14 13
8 10
8 10
8 11
7 10
17 9
9 9

Tiempo de ejecución: 0.00000000000 segundos
