647
15 10
11 7
15 10
9 6
12 8
11 7
13 9
11 7
15 10
10 6
9 6
12 8
8 5
9 6
15 10
9 6
11 7
8 5
15 10
15 10
10 6
15 10
8 14
10 8
8 13
7 15
8 12
7 17
9 9
9 9
10 8
7 17
5 25
10 8
9 10
8 13
8 14
10 8
9 9
8 11
8 14
7 15
8 13
9 9
10 8
9 11
8 12
8 13
7 17
10 8
5 25
7 14
10 8
6 18
7 17
11 6
10 5
15 10
10 5
13 8
12 7
14 9
11 6
15 10
10 5
10 5
10 5
13 8
10 5
10 5
15 10
10 5
10 5
11 6
15 10
15 10
10 5
10 5
15 10
6 14
5 15
7 14
9 13
11 13
9 13
8 14
13 13
5 15
12 13
9 14
8 14
8 14
9 13
19 11
8 14
7 14
5 15
9 13
13 12
8 14
6 14
9 14
11 13
5 15
7 14
10 13
5 14
11 13
13 5
10 8
10 8
15 5
10 8
10 7
13 5
15 5
10 8
12 6
12 6
15 5
10 8
11 7
12 6
10 8
6 14
6 13
7 11
5 20
8 10
5 20
8 10
8 10
7 12
7 13
6 14
7 10
8 10
7 12
5 20
7 11
7 13
6 16
5 20
10 5
18 6
16 6
14 5
13 5
10 5
25 8
10 5
16 6
10 5
10 5
20 7
10 5
10 5
13 5
10 5
10 5
7 14
9 13
12 12
9 13
8 13
13 12
20 10
5 15
12 12
8 13
8 13
20 10
8 13
9 13
18 10
8 13
7 14
20 10
9 13
12 12
8 13
6 14
8 13
12 12
5 15
7 14
10 13
5 14
12 12
8 16
8 16
8 18
8 16
10 25
8 15
8 15
8 15
8 18
10 25
8 16
9 20
8 15
8 16
8 16
8 17
8 16
7 15
5 10
6 12
5 10
7 15
5 10
10 20
10 20
7 14
8 17
5 10
9 18
6 13
5 10
8 16
6 12
10 20
5 10
10 20
5 10
8 16
10 15
9 13
10 15
8 12
6 10
7 11
10 15
8 12
8 12
6 9
9 13
8 12
5 8
9 13
9 13
6 10
8 13
7 11
10 15
10 15
7 11
10 15
10 15
8 16
10 15
7 17
13 11
15 10
12 12
10 15
7 17
9 15
15 10
8 16
12 12
8 16
12 12
9 15
5 20
10 15
5 20
15 10
10 15
6 18
15 10
9 9
8 16
9 9
9 10
10 5
10 5
9 14
10 5
9 9
9 9
9 13
10 5
10 5
8 17
10 5
9 13
8 25
9 11
9 15
9 14
8 16
9 8
9 6
8 21
10 5
10 5
8 25
8 16
9 9
14 8
8 10
8 10
11 9
18 6
9 9
17 7
9 9
14 8
8 9
14 8
9 9
25 5
14 7
9 9
8 9
8 10
8 9
12 8
14 7
10 9
10 8
14 6
10 8
10 7
16 6
16 6
10 8
13 7
13 7
10 8
10 8
11 7
13 7
10 8
7 17
10 15
7 17
9 15
8 16
8 16
9 15
5 20
10 15
5 20
10 15
6 18
5 20
10 8
9 10
8 13
8 14
10 8
9 9
8 11
8 14
7 15
8 13
9 9
10 8
9 11
8 12
8 13
7 17
10 8
5 25
7 14
10 8
6 18
7 17
15 5
13 10
12 13
14 5
12 17
15 5
14 8
14 7
14 7
13 12
15 5
13 12
10 25
13 11
13 9
14 7
13 11
10 7
13 5
15 5
10 8
12 6
12 6
15 5
10 8
11 7
12 6
10 8
8 10
11 10
5 10
9 10
20 10
9 10
5 10
8 10
17 10
9 10
15 10
5 10
20 10
9 10
5 10
8 10
8 10
5 10
15 10
8 10
15 10
5 10
10 10
5 10
15 10
6 11
6 12
5 15
7 10
8 10
6 11
5 15
6 12
5 13
10 5
15 20
10 5
11 8
10 5
10 5
10 5
12 12
10 5
10 7
12 12
12 12
10 6
10 5
10 5
12 12
10 5
16 6
10 5
10 5
20 7
10 5
10 5
13 5
10 5
10 5
8 13
8 13
5 10
9 14
8 13
6 11
8 13
9 14
5 10
8 13
7 12
10 15
10 15
7 12
5 10
10 15
5 10
10 15
8 14
9 9
8 11
10 5
10 5
10 5
8 13
10 5
8 11
8 11
8 13
9 9
9 6
10 5
8 15
10 5
18 8
20 10
15 5
9 9
8 11
8 14
7 15
8 13
9 9
10 8
9 11
8 12
8 13
7 17
10 8
5 25
7 14
10 8
6 18
7 17
8 9
14 8
9 9
5 9
15 8
9 9
5 10
8 9
5 10
9 9
12 8
15 8
5 10
10 9
5 10
8 11
10 20
9 13
9 13
8 11
8 5
9 14
9 15
8 9
8 5
10 20
10 20
9 15
10 5
16 9
10 5
18 10
10 5
12 6
10 5
10 5
10 5
8 13
10 5
8 11
8 11
8 13
9 9
9 6
10 5
8 15
10 5
15 10
15 10
15 10
7 14
8 17
5 10
9 18
7 13
6 11
8 16
6 12
10 20
7 14
10 20
8 16
10 5
12 6
10 5
10 5
9 13
12 12
8 13
6 14
8 13
12 12
5 15
7 14
10 13
5 14
12 12
9 11
9 15
9 14
8 16
9 8
9 6
8 21
10 5
10 5
8 25
8 16
10 8
11 7
12 6
10 8
8 11
7 10
5 10
12 12
7 10
5 10
10 11
5 10
12 12
8 13
9 15
8 10
8 5
9 20
9 15
7 12
5 20
7 11
7 13
6 16
5 20
10 15
7 12
5 10
10 15
5 10
10 15
15 10
10 15
6 18
15 10
6 12
10 8
5 13
10 6
15 10
10 20
7 22
10 5
5 10
10 15
6 18

Tiempo de ejecución: 0.00000000000 segundos
