453
24 10
25 10
21 13
22 12
17 17
21 13
21 14
18 17
15 20
17 17
15 20
22 12
25 10
18 16
25 10
18 16
21 13
21 14
21 13
20 15
24 10
14 6
10 5
13 6
20 8
14 6
21 8
19 8
19 8
15 6
18 8
13 6
22 9
24 10
30 12
24 10
13 6
23 9
11 17
12 16
20 12
21 12
15 15
18 13
19 12
15 15
11 16
16 14
10 17
16 14
13 16
21 12
12 16
25 10
13 16
25 10
17 14
22 11
19 12
18 13
17 14
11 18
8 12
8 13
6 9
11 18
7 11
10 16
8 13
9 15
12 20
10 16
7 11
14 22
12 20
12 19
12 19
8 14
16 25
5 8
10 16
24 15
25 15
20 20
23 16
21 19
25 15
24 16
25 15
13 9
14 6
13 13
13 12
13 9
11 19
12 17
15 5
12 14
13 11
10 25
11 20
14 7
12 14
14 6
12 15
12 14
10 22
11 19
13 13
15 5
13 10
13 9
13 9
12 14
13 11
13 12
9 6
13 9
13 8
15 10
12 8
8 5
14 9
11 7
15 10
15 10
22 14
18 10
18 10
18 10
19 11
22 13
23 14
19 11
21 13
30 20
18 10
23 14
9 12
10 10
9 12
5 15
7 12
5 14
5 15
10 10
10 10
5 15
10 10
9 12
9 9
9 8
8 20
8 13
8 17
9 8
8 14
9 8
8 17
9 10
9 28
15 25
10 28
23 14
16 8
14 6
18 9
18 10
17 9
14 7
18 9
12 5
19 10
22 13
24 14
20 11
13 6
21 12
25 15
12 12
16 16
15 15
11 11
13 13
11 11
15 15
10 10
18 18
10 10
10 10
13 13
16 16
17 17
13 13
13 13
19 19
13 13
10 10
12 12
20 13
11 12
14 12
16 13
15 13
11 12
8 12
23 14
11 12
15 13
22 13
24 14
13 12
13 12
16 13
21 13
20 13
14 12
20 13
11 12
15 8
8 9
5 10
12 9
25 8
5 10
19 8
18 8
10 9
10 9
5 10
18 8
16 8
10 9
24 8
14 9
12 9
23 8
13 9
11 9
16 15
13 18
14 17
10 19
17 15
13 17
12 18
18 15
10 20
12 18
17 15
17 10
17 10
18 11
16 9
18 11
21 14
22 15
15 8
18 11
21 14
21 14
17 10
20 13
15 15
17 16
16 16
17 16
19 18
7 12
5 13
5 15
9 8
7 11
10 8
5 15
10 8
9 8
8 10
11 16
12 15
10 17
12 15
9 14
5 10
13 18
10 15
15 20
5 10
12 17
14 19
13 18
12 17
9 14
17 22
10 15
11 11
13 7
11 11
14 6
11 12
10 13
15 5
12 9
13 8
12 9
8 17
11 11
11 12
15 12
12 14
18 10
12 14
12 15
13 13
15 12
15 12
16 11
18 10
15 12
14 13
19 9
11 11
18 9
18 9
11 11
24 8
14 10
14 10
23 8
15 10
12 11
10 12
7 22
5 10
8 25
5 14
6 18
20 8
11 22
16 14
14 18
18 10
13 19
17 11
12 20
13 18
11 21
17 11
16 13
17 11
17 12
16 13
18 8
17 9
15 10
15 10
11 21
10 19
11 22
10 16
10 9
14 7
10 9
12 8
12 8
11 9
15 13
17 15
17 16
15 12
19 19
15 12
15 12
16 13
8 24
10 30
5 15
6 18
11 11
12 14
14 18
14 18
13 16
11 13
9 8
12 14
10 10
11 12
18 9
18 10
19 10
22 13
24 14
20 11
13 6
21 12
25 15
12 14
13 19
13 18
12 17
11 13
10 8
10 9
11 14
10 10
11 12
13 14
17 11
15 12
23 8
17 11
16 12
14 13
21 15
25 10
20 18
22 14
22 14
15 18
12 20
17 15
12 19
18 16
20 15
22 15
23 14
13 12
14 10
14 9
14 9
13 13
14 11
13 13
15 12
22 10
17 11
14 12
15 12
13 12
19 17
12 8
13 9
15 12
15 12
16 14
21 14
21 13
15 10
16 11
20 13
15 12
13 13

Tiempo de ejecución: 0.00100000000 segundos
