50
10 20 15 25
12 18 16 30
5 15 10 10
2 2 12 18
20 10 25 30
8 5 18 25
14 14 28 30
30 5 10 20
25 15 35 35
5 30 10 15
15 10 20 15
10 25 15 35
0 5 12 18
18 22 23 10
28 14 5 22
20 30 5 10
8 8 12 15
20 15 8 25
18 5 25 20
12 30 18 15
25 25 35 35
2 18 15 10
16 14 5 20
10 10 20 5
30 0 15 15
15 20 25 30
14 12 24 30
3 20 18 25
25 18 12 18
18 10 25 15
10 5 35 35
8 30 10 20
28 15 20 10
20 5 28 30
10 15 35 25
8 5 25 18
30 12 25 10
28 20 12 5
15 15 25 20
5 18 20 28
10 25 35 12
12 18 8 25
5 20 25 15
30 10 18 25
28 15 10 12
25 5 30 10
35 25 20 10
5 30 8 20
10 5 12 28
15 8 25 30