50
10 25 5 8
5 15 10 10
8 20 5 10
10 10 8 5
25 15 10 10
10 8 5 20
5 20 10 8
10 5 15 10
8 10 5 10
25 10 5 15
10 15 20 8
10 5 8 25
5 10 15 8
20 8 10 5
10 5 10 25
8 10 15 5
15 20 5 10
5 25 10 8
10 10 5 15
8 15 5 10
5 10 20 15
10 5 8 10
20 10 15 5
5 15 10 8
10 8 5 10
25 10 5 8
10 5 15 20
8 10 10 5
5 20 15 10
15 5 10 10
10 10 8 15
5 25 10 20
10 8 5 10
8 15 10 5
10 5 20 15
10 8 5 25
5 10 20 8
10 15 5 10
8 5 10 25
5 10 8 20
20 10 5 10
10 8 15 5
5 10 20 15
8 25 10 5
15 10 10 5
5 20 8 10
10 5 15 25
8 10 5 10
10 15 5 20
10 15 25 30