1891
24 10
25 10
21 13
22 12
17 17
21 13
21 14
18 17
15 20
17 17
15 20
22 12
25 10
18 16
25 10
18 16
21 13
21 14
21 13
20 15
25 10
15 20
18 16
20 15
20 15
20 15
25 10
20 15
22 13
25 10
15 20
24 10
14 6
10 5
13 6
20 8
14 6
21 8
19 8
19 8
15 6
18 8
13 6
22 9
24 10
30 12
24 10
13 6
23 9
10 5
24 10
12 6
19 8
19 8
10 5
10 5
10 5
10 5
10 5
17 7
20 8
10 5
24 9
10 5
19 8
10 5
13 6
10 5
10 5
20 8
10 5
10 5
18 7
11 17
12 16
20 12
21 12
15 15
18 13
19 12
15 15
11 16
16 14
10 17
16 14
13 16
21 12
12 16
25 10
13 16
25 10
17 14
22 11
19 12
18 13
17 14
25 10
13 16
15 15
12 16
17 13
18 13
18 13
25 10
18 13
20 12
14 15
25 10
13 16
14 15
11 18
8 12
8 13
6 9
11 18
7 11
10 16
8 13
9 15
12 20
10 16
7 11
14 22
12 20
12 19
12 19
8 14
16 25
5 8
10 16
11 17
5 9
6 10
6 9
9 15
8 13
14 22
9 14
6 9
5 8
5 8
7 12
8 13
8 13
7 11
9 15
6 9
11 18
5 8
8 13
5 8
12 19
9 15
24 15
25 15
20 20
23 16
21 19
25 15
24 16
25 15
21 18
22 17
25 15
13 9
14 6
13 13
13 12
13 9
11 19
12 17
15 5
12 14
13 11
10 25
11 20
14 7
12 14
14 6
12 15
12 14
10 22
11 19
13 13
15 5
13 10
13 9
13 9
12 14
13 11
13 12
14 9
11 17
15 5
12 14
10 25
13 9
13 12
12 13
13 13
14 6
12 15
13 12
14 8
14 9
13 11
14 9
14 8
14 9
13 9
13 11
14 7
15 5
14 7
14 5
13 12
15 5
11 18
14 6
12 13
13 9
10 25
9 6
13 9
13 8
15 10
12 8
8 5
14 9
11 7
15 10
15 10
15 10
10 7
15 10
9 6
10 6
9 6
12 8
15 10
8 5
15 10
15 10
15 10
13 8
15 10
15 10
11 7
8 5
8 5
10 6
9 6
15 10
22 14
18 10
18 10
18 10
19 11
22 13
23 14
19 11
21 13
30 20
18 10
23 14
20 12
20 11
18 10
19 10
9 12
10 10
9 12
5 15
7 12
5 14
5 15
10 10
10 10
5 15
10 10
11 10
6 14
9 12
9 12
11 10
10 11
9 11
9 11
7 13
7 13
5 15
5 15
5 15
6 13
9 11
6 14
8 12
11 10
9 12
5 14
9 12
9 9
9 8
8 20
8 13
8 17
9 8
8 14
9 8
8 17
9 10
10 5
8 20
9 7
8 19
9 6
9 12
9 8
8 18
10 5
10 5
10 5
9 10
10 5
9 9
10 5
9 11
8 16
10 5
9 8
10 5
8 13
10 5
9 8
8 18
10 5
10 5
8 13
8 18
9 8
9 11
8 20
8 13
9 5
10 5
8 20
9 8
8 16
9 28
15 25
10 28
15 25
23 14
16 8
14 6
18 9
18 10
17 9
14 7
18 9
12 5
19 10
22 13
24 14
20 11
13 6
21 12
25 15
21 12
13 5
17 9
18 9
13 5
16 8
17 9
17 9
17 9
25 15
13 6
12 5
18 10
19 10
14 6
17 9
12 12
16 16
15 15
11 11
13 13
11 11
15 15
10 10
18 18
10 10
10 10
13 13
16 16
17 17
13 13
13 13
19 19
13 13
10 10
12 12
15 15
11 11
12 12
15 15
13 13
11 11
11 11
12 12
11 11
12 12
15 15
12 12
15 15
20 13
11 12
14 12
16 13
15 13
11 12
8 12
23 14
11 12
15 13
22 13
24 14
13 12
13 12
16 13
21 13
20 13
14 12
20 13
11 12
19 13
11 12
13 12
9 12
13 12
9 12
11 12
15 12
9 12
18 13
9 12
12 12
18 13
18 13
10 12
23 14
12 12
9 12
16 13
12 12
9 12
15 13
15 8
8 9
5 10
12 9
25 8
5 10
19 8
18 8
10 9
10 9
5 10
18 8
16 8
10 9
24 8
14 9
12 9
23 8
13 9
11 9
14 9
5 10
10 9
5 10
13 9
19 8
5 10
5 10
19 8
9 9
11 9
9 9
5 10
14 9
8 9
16 8
25 8
5 9
14 9
15 9
14 9
13 9
18 8
15 8
8 9
25 8
5 10
8 9
5 10
6 9
19 8
11 9
9 9
11 9
18 8
5 10
16 15
13 18
14 17
10 19
17 15
13 17
12 18
18 15
10 20
12 18
17 15
13 17
16 15
13 17
10 20
10 20
10 20
14 17
13 17
17 10
17 10
18 11
16 9
18 11
21 14
22 15
15 8
18 11
21 14
21 14
17 10
20 13
19 12
17 10
17 10
15 8
16 9
16 9
16 9
16 9
16 9
15 8
17 10
18 11
17 10
15 15
17 16
16 16
17 16
19 18
15 15
15 15
15 15
15 15
7 12
5 13
5 15
9 8
7 11
10 8
5 15
10 8
9 8
8 10
10 8
6 13
7 11
10 8
9 8
8 10
9 8
9 9
8 9
6 12
9 8
7 11
10 8
5 15
9 9
5 15
5 15
7 11
10 8
8 9
6 13
7 11
9 8
9 8
5 13
11 16
12 15
10 17
12 15
8 20
8 19
8 20
8 19
9 18
8 18
8 20
8 20
9 14
5 10
13 18
10 15
15 20
5 10
12 17
14 19
13 18
12 17
9 14
17 22
10 15
12 17
5 10
15 20
5 10
10 15
5 10
5 10
10 15
10 15
8 13
13 18
9 14
5 10
10 15
10 15
6 11
7 12
8 13
8 13
7 12
10 15
5 10
10 15
12 17
5 10
10 15
15 20
8 13
13 18
5 10
10 15
11 11
13 7
11 11
14 6
11 12
10 13
15 5
12 9
13 8
12 9
8 17
11 11
11 12
13 8
15 5
11 11
13 8
10 12
14 6
8 17
11 11
11 11
8 16
13 8
13 8
9 14
8 16
13 8
12 8
13 8
12 9
11 12
13 7
15 5
8 18
13 7
14 5
10 13
15 5
9 14
9 14
14 6
11 10
8 17
12 9
9 15
15 12
12 14
18 10
12 14
12 15
13 13
15 12
15 12
16 11
18 10
15 12
14 13
12 14
13 14
12 14
14 12
16 11
16 11
16 11
17 10
16 11
13 14
17 10
19 9
11 11
18 9
18 9
11 11
24 8
14 10
14 10
23 8
15 10
12 11
10 12
11 11
16 10
17 10
11 11
11 11
15 10
14 10
25 8
15 10
19 9
15 10
13 11
17 10
25 8
21 8
12 11
17 10
7 22
5 10
8 25
5 14
6 18
5 10
5 10
5 10
5 10
6 17
7 20
8 25
5 10
6 17
5 14
6 16
5 14
6 16
7 20
5 10
7 22
5 10
5 10
6 18
20 8
11 22
16 14
14 18
18 10
13 19
17 11
12 20
13 18
11 21
17 11
16 13
17 11
17 12
16 13
15 15
14 17
10 25
20 8
15 15
19 8
20 8
13 19
16 13
17 12
19 9
17 12
19 9
17 12
20 8
18 10
18 10
20 8
17 12
19 8
14 17
10 25
18 8
17 9
15 10
15 10
15 10
15 10
20 8
20 8
15 10
15 10
15 10
15 10
17 9
15 10
15 10
20 8
16 9
20 8
19 8
15 10
18 8
11 21
10 19
11 22
10 16
10 18
10 15
10 15
10 15
10 15
10 15
10 15
10 15
10 19
10 15
11 22
10 15
10 9
14 7
10 9
12 8
12 8
11 9
13 8
10 9
12 8
15 6
11 9
12 8
13 8
13 8
12 8
13 8
11 8
13 7
14 7
16 6
16 5
14 7
11 9
11 9
15 13
17 15
17 16
15 12
19 19
15 12
15 12
16 13
16 14
17 16
15 13
16 13
15 13
8 24
10 30
5 15
6 18
6 18
7 21
8 24
6 18
5 15
5 15
5 15
5 17
7 21
7 22
7 22
6 18
11 11
12 14
14 18
14 18
13 16
11 13
9 8
12 14
10 10
11 12
13 16
9 7
15 20
8 5
12 13
11 13
9 8
12 13
9 8
12 14
10 11
9 8
9 9
8 5
11 13
9 8
11 12
9 8
11 12
9 8
8 5
13 16
8 5
15 20
9 8
9 8
13 17
5 10
5 10
5 10
5 10
5 10
6 10
7 11
7 11
5 10
5 10
7 11
5 10
18 9
18 10
18 9
18 9
18 7
20 5
18 9
18 9
18 8
19 6
19 7
18 8
20 5
19 10
22 13
24 14
20 11
13 6
21 12
25 15
21 12
13 5
17 9
18 9
13 5
16 8
17 9
17 9
17 9
25 15
13 6
12 5
18 10
19 10
14 6
17 9
12 14
13 19
13 18
12 17
11 13
10 8
10 9
11 14
10 10
11 12
12 17
10 8
11 13
11 13
10 8
11 13
15 25
10 11
10 8
11 13
10 8
10 8
11 12
10 8
11 12
10 8
12 17
10 9
13 18
13 14
17 11
15 12
23 8
17 11
16 12
14 13
12 14
13 14
12 14
15 13
17 12
24 8
17 12
21 9
17 12
19 11
24 7
18 11
22 9
13 14
16 12
21 15
25 10
20 18
22 14
22 14
25 10
20 17
21 16
25 10
22 13
25 10
15 18
12 20
17 15
14 18
9 23
17 16
13 19
8 25
14 18
12 21
8 25
12 19
18 16
20 15
22 15
23 14
14 18
18 16
13 18
20 15
10 20
24 14
10 20
10 20
14 18
13 18
13 12
14 10
14 9
14 9
13 13
14 11
13 13
14 9
12 17
13 15
14 9
14 12
13 14
14 12
12 16
13 12
15 8
14 9
14 10
14 9
14 8
14 9
14 9
14 10
14 8
15 8
14 11
12 17
13 15
14 9
12 20
15 12
22 10
17 11
14 12
15 12
13 12
25 10
12 13
6 14
12 13
11 13
13 13
8 14
12 13
14 12
9 13
17 12
9 13
11 13
7 14
17 12
25 10
17 12
7 14
5 15
19 11
5 15
5 15
6 14
9 13
18 11
6 14
9 13
25 10
12 13
8 14
16 12
5 14
11 6
15 5
10 8
11 7
10 8
13 6
10 7
11 6
11 6
11 6
10 8
12 6
15 5
12 6
13 5
10 8
15 5
12 6
10 7
19 17
12 8
13 9
15 12
15 12
16 14
17 14
14 11
19 17
14 11
16 13
12 8
14 10
12 8
12 9
14 10
14 11
16 13
13 9
16 13
21 14
21 13
22 11
20 17
25 5
20 15
23 8
23 9
21 12
23 7
23 9
15 10
16 11
20 13
15 10
19 13
15 10
16 10
16 10
12 8
15 10
15 10
15 10
15 10
13 8
15 10
15 10
15 10
16 11
18 12
15 10
16 11
15 10
7 8
10 9
15 10
8 8
9 8
11 9
9 8
10 9
15 10
8 8
15 10
15 10
5 8
15 10
5 8
15 10
15 10
9 8
8 8
8 8
5 8
11 9
9 8
15 10
15 12
13 13
12 14
7 17
12 13
5 20
9 16
8 17
12 14
14 12
8 17
16 11
8 17
16 11
16 11
6 19
17 10
7 17
16 11
5 20
9 16
7 18
12 13
8 17
17 10
6 18
5 20
19 13
11 10
14 11
14 11
9 10
11 11
8 10
9 10
17 12
9 10
13 11
17 12
17 12
8 10
12 11
25 15
8 10
14 11
8 10
9 10
17 12
12 11
9 10
16 12
17 14
11 12
13 12
13 12
11 12
20 15
20 15
12 12
20 15
20 15
10 12
12 12
16 13
12 12
15 13
11 6
15 10
10 5
10 5
10 5
10 5
13 8
10 5
15 10
15 10
10 5
13 8
10 5
15 10
10 5
12 7
10 5
10 5
10 5
10 5
10 5
15 10
13 16
8 19
15 15
8 20
13 17
17 14
8 19
18 13
9 19
18 13
25 10
18 13
21 12
9 19
12 17
8 20
25 10
13 16
8 20
14 16
5 10
10 7
5 10
5 10
13 5
9 7
10 7
9 7
5 10
11 6
8 8
5 9
11 6
8 8
11 6
12 6
15 5
12 6
13 5
5 10
15 5
8 8
5 10
6 9
12 6
10 7
9 7
7 8
5 10
12 13
12 13
10 8
12 13
11 12
11 11
10 8
12 12
10 8
10 8
11 11
10 8
11 12
10 8
13 16
15 20
10 9
13 17
5 10
5 10
7 16
8 19
8 19
8 20
5 10
6 15
6 14
7 17
6 14
6 14
8 19
5 10
8 21
5 10
8 19
10 25
5 10
7 17
9 6
10 6
9 6
12 8
15 10
8 5
15 10
15 10
15 10
13 8
15 10
15 10
11 7
8 5
8 5
10 6
9 6
15 10
12 13
10 15
10 15
20 8
12 13
13 12
15 10
10 15
10 15
18 9
15 10
18 9
15 10
20 8
17 9
14 11
10 15
20 8
10 15
10 15
19 8
12 13
17 9
10 15
5 10
12 13
9 12
12 13
9 12
5 10
25 20
9 12
11 13
6 10
7 11
10 12
11 13
7 11
5 10
9 12
15 15
5 10
7 11
13 14
9 12
15 15
5 10
9 8
9 8
5 10
8 8
5 9
9 8
10 8
10 8
8 8
5 10
6 9
9 8
8 8
5 10
10 15
12 13
13 12
16 11
10 15
10 15
18 9
16 11
18 9
16 11
17 10
21 7
15 11
10 15
10 15
10 15
19 8
12 13
17 10
10 15
7 15
6 17
6 16
5 20
7 16
6 17
5 20
8 18
8 17
10 15
10 15
8 17
5 25
8 18
5 25
10 15
5 25
7 19
10 15
8 18
7 20
10 15
10 5
10 5
10 5
10 5
17 7
10 5
10 5
20 8
10 5
13 6
10 5
10 5
20 8
10 5
10 5
18 7
10 5
9 10
10 5
9 9
10 5
9 11
8 16
10 5
9 8
10 5
8 13
10 5
9 8
8 18
10 5
10 5
8 13
8 18
9 8
9 11
8 20
8 13
9 5
10 5
8 20
9 8
8 16
11 11
10 5
10 8
10 5
12 13
10 5
10 8
10 5
10 8
11 11
10 5
10 8
10 5
10 5
11 12
13 17
10 5
10 5
10 5
11 9
13 18
9 10
20 15
9 10
12 12
20 15
20 15
8 10
12 11
8 10
13 12
8 10
9 10
16 13
12 11
9 10
15 13
9 9
10 5
9 11
8 17
10 5
9 8
10 5
9 13
10 5
9 8
8 18
10 5
10 5
9 13
8 17
9 8
9 11
8 21
9 13
9 5
10 5
10 5
9 8
8 25
8 16
13 8
8 9
5 9
13 8
11 8
13 8
11 8
14 8
9 9
15 8
5 10
8 9
5 10
6 9
11 8
9 9
10 9
5 10
15 10
15 10
10 5
13 8
20 15
15 10
15 10
10 5
12 7
10 5
10 5
16 11
17 12
10 5
10 5
10 5
15 10
16 11
10 15
8 8
9 12
8 9
9 13
10 15
8 8
10 15
10 15
8 5
9 11
8 8
10 15
15 10
15 10
15 9
15 10
15 10
14 10
16 9
18 6
12 12
10 15
18 6
10 15
10 15
17 7
12 12
15 10
20 5
10 15
15 10
18 9
15 10
15 10
16 9
16 9
25 8
20 8
15 10
17 9
5 8
7 13
7 13
10 20
7 14
7 13
8 17
5 9
10 20
5 8
8 16
5 8
8 16
13 8
20 15
15 10
15 10
10 5
12 7
10 5
10 5
16 11
17 12
10 5
10 5
10 5
15 10
16 11
13 8
11 8
17 9
16 9
10 8
9 8
8 8
5 8
25 10
11 8
9 8
5 8
17 9
15 10
15 10
10 5
12 7
10 5
10 5
16 11
17 12
10 5
10 5
10 5
15 10
16 11
7 13
8 10
6 16
7 14
8 10
5 25
5 25
6 16
7 11
6 17
6 18
10 8
10 8
11 8
15 10
16 9
5 15
5 15
6 14
20 8
9 12
6 14
8 13
19 8
12 11
8 13
18 8
5 14
12 6
10 5
10 5
18 10
19 11
11 6
10 5
10 5
17 10
12 6
13 5
8 10
15 5
8 9
12 6
10 7
9 8
9 8
5 15
6 16
8 18
10 20
7 17
8 18
6 16
7 17
10 5
11 6
10 5
10 5
17 6
10 5
10 5
19 6
6 14
9 13
20 10
6 14
9 13
12 12
8 13
17 11
5 14
6 15
7 11
6 16
5 20
10 15
5 25
7 19
10 15
8 18
7 20
10 15
8 8
5 10
6 9
9 8
8 8
5 10
18 7
10 15
8 5
9 11
8 8
10 15
13 16
15 15
7 22
8 20
5 10
7 17
8 13
5 8
10 15
10 5
9 5
18 8
10 5
11 9
14 17
9 8
8 16
6 18

Tiempo de ejecución: 0.00100000000 segundos
