113
2 2
3 3
1 1
5 5
3 3
4 4
4 4
4 4
3 3
2 2
5 5
5 5
5 5
3 3
4 4
4 4
4 4
3 3
5 5
5 5
5 5
6 6
3 3
4 4
4 4
4 4
8 8
5 5
5 5
9 9
5 5
6 6
8 8
10 10
3 3
4 4
4 4
4 4
9 9
8 8
8 8
2 8
4 10
4 6
5 5
7 4
7 4
7 4
7 4
3 6
5 5
3 6
7 4
5 5
4 6
4 6
5 8
5 8
4 5
4 6
6 4
6 3
6 2
6 3
4 7
6 3
5 5
6 2
5 5
4 6
7 3
7 4
7 3
7 4
7 3
7 3
6 3
6 3
6 3
6 3
5 5
7 3
7 3
7 4
7 4
5 8
8 3
6 6
7 3
5 6
5 7
6 3
6 3
7 3
5 2
7 3
3 2
6 3
6 3
8 8
6 2
6 1
6 3
6 2
3 6
5 3
7 3
4 3
4 4
4 4
6 2
4 4
4 6

Tiempo de ejecución: 0.00000000000 segundos
