115
2 3
5 7
4 6
3 5
3 5
6 8
4 5
5 7
4 6
5 6
5 7
4 6
5 7
8 1
5 2
7 1
5 3
7 7
10 10
8 8
7 6
7 6
7 7
3 4
5 4
9 5
2 3
7 5
6 5
5 4
10 6
7 5
6 7
7 8
5 7
9 9
5 7
6 7
4 5
4 5
5 7
4 6
4 6
4 6
4 6
5 7
5 9
4 6
5 7
10 3
8 1
4 5
3 5
3 5
2 5
6 4
5 4
6 4
6 4
6 8
6 8
4 6
6 7
5 6
5 6
5 6
5 6
6 7
6 8
6 8
8 7
9 6
8 6
7 7
4 7
3 5
4 6
4 6
4 7
4 6
4 7
4 6
4 7
5 7
4 6
5 7
5 6
6 6
5 6
5 6
4 6
4 6
5 7
4 6
5 7
7 5
7 5
7 6
7 6
6 4
8 7
6 4
7 5
5 5
4 6
7 4
7 4
7 4
7 4
5 6
8 6
5 6
6 4
5 7
6 4

Tiempo de ejecución: 0.00000000000 segundos
