hoare-quicksort

Swaps
|   Prueba  |     1    |    2     |    3     |     4    |    5     |    6     |    7     |    8     |    9     |    10    |
|  hoare-qs | 84137580 | 84101352 | 83717870 | 83794570 | 84257635 | 83810223 | 86620926 | 83746310 | 83827929 | 83973239 |
| quicksort | 64669862 | 64635411 | 68038281 | 65159030 | 71890012 | 68404137 | 64187078 | 64467284 | 73683027 | 62772012 |

Comparaciones
|   Prueba  |     1     |     2     |      3    |     4     |      5    |     6     |     7     |     8     |     9     |     10    |
|  hoare-qs | 276058815 | 274681000 | 285392005 | 285625464 | 281046357 | 283183580 | 275011692 | 285052991 | 289284412 | 284118578 |
| quicksort |  54670362 |  54635911 |  58038781 |  55159530 |  61890512 |  58404637 |  54187878 |  54467784 |  63683527 |  52772512 |

Tiempo
|   Prueba  |    1    |    2    |    3    |    4    |    5    |    6    |    7    |    8    |    9    |    10   |
|  hoare-qs |  7.455  |  7.392  |  8.326  |  7.517  |  8.226  |   8.05  |   7.99  |  8.306  |  8.041  |  7.548  |
| quicksort | 209.921 | 196.831 | 194.483 | 194.501 | 196.352 | 211.111 | 134.289 | 194.943 | 211.087 | 209.621 |