50
15 20 25 10
30 12 10 5
25 10 10 18
5 8 18 28
20 20 25 15
10 25 15 5
8 5 15 10
18 10 30 20
5 15 12 10
8 20 10 5
15 25 8 30
12 5 25 15
10 10 20 20
8 12 30 15
5 10 25 8
18 15 10 20
25 18 15 8
30 25 15 15
10 8 5 15
12 15 8 20
5 10 20 25
15 5 8 18
18 10 12 15
25 8 10 12
8 25 5 10
20 8 10 25
15 10 20 8
12 25 10 15
18 5 10 10
15 12 25 30
10 30 5 15
8 5 15 20
5 10 8 12
18 10 20 5
12 5 25 15
15 25 10 8
30 5 12 15
25 10 20 18
18 15 8 25
10 20 30 12
15 8 10 30
5 15 25 10
10 8 15 5
20 18 12 8
15 30 25 5
12 8 30 20
5 8 15 10
18 10 5 20
25 15 8 10
10 12 20 15