50
5 10 15 25
8 18 12 15
3 15 15 25
10 8 5 18
5 20 10 30
15 15 25 10
12 8 20 20
10 10 15 18
20 25 30 30
8 12 10 10
25 18 15 15
5 5 10 20
15 8 18 10
10 18 12 8
20 20 28 18
5 15 12 12
15 12 25 5
18 18 10 25
5 25 8 20
30 20 15 15
12 5 20 8
25 15 8 30
28 10 15 25
5 18 15 10
12 15 20 25
8 10 5 8
25 10 10 20
5 20 28 25
30 15 18 10
5 30 8 18
25 18 12 10
20 8 5 5
30 20 25 15
28 5 10 10
12 25 8 20
10 15 5 10
5 18 12 12
15 10 8 20
28 8 18 18
10 5 12 25
25 20 18 15
30 10 15 5
8 15 25 30
15 20 10 5
25 8 30 10
18 12 15 8
8 8 10 30
20 25 5 8
30 5 12 15
28 10 15 18