50
10 5 15 10
8 20 25 10
5 10 15 5
15 20 10 8
10 25 5 10
15 10 8 5
20 8 10 15
5 10 25 20
10 8 5 10
25 5 10 15
5 20 8 15
10 15 5 25
20 8 10 5
10 5 8 20
15 25 10 5
8 10 20 15
10 5 8 25
5 10 15 8
25 20 10 5
8 5 10 15
10 15 20 5
15 10 25 8
5 8 10 20
10 5 20 15
25 10 5 8
20 15 10 5
8 10 5 25
10 8 15 10
5 15 20 8
10 5 25 15
8 10 15 5
10 20 5 15
15 8 10 5
10 5 25 8
20 10 5 15
8 10 5 20
5 25 10 15
10 8 5 10
15 5 20 8
10 15 8 5
20 10 5 25
5 10 8 20
10 15 5 8
25 10 8 5
10 5 15 20
8 20 10 5
15 10 5 8
10 25 20 5
5 10 8 25
5 20 10 15