50
12 24 20 18
15 15 10 8
28 5 18 20
30 10 12 25
20 8 10 15
15 25 5 20
5 5 20 28
10 12 18 15
8 18 25 10
20 10 15 30
18 8 10 25
15 12 5 15
25 10 18 28
10 20 25 15
5 8 10 12
20 15 30 10
15 10 18 25
8 20 12 5
18 12 15 20
25 5 20 10
10 8 5 18
15 5 10 25
12 18 8 28
20 25 5 15
10 15 18 10
5 20 12 18
15 25 30 12
8 10 20 5
25 8 18 30
10 5 8 12
15 10 12 20
20 18 10 8
25 20 15 10
5 12 8 10
18 10 15 5
12 5 10 30
8 12 20 18
10 25 15 8
5 10 20 12
15 18 5 10
20 5 15 12
10 8 30 20
15 20 5 8
18 15 8 10
5 10 20 15
12 5 18 10
8 15 10 5
10 20 18 25
20 8 15 12
5 15 10 8