50
8 10 25 5
15 5 10 20
18 25 10 12
5 10 8 15
10 20 15 25
15 12 5 10
25 8 10 15
20 10 8 12
5 15 10 20
15 8 10 25
10 15 5 10
12 10 25 5
5 20 15 10
10 8 5 18
25 15 8 12
5 10 15 20
8 25 10 5
20 15 10 25
18 10 5 15
10 5 20 15
15 8 25 10
5 10 8 20
10 15 18 8
20 5 15 10
8 10 5 25
10 25 15 5
15 10 8 5
5 8 10 20
25 10 15 8
20 5 10 15
8 10 25 5
10 15 8 20
5 25 15 10
18 8 10 5
15 10 20 8
10 5 15 12
25 20 10 5
8 10 5 15
10 8 15 5
5 25 10 20
10 15 8 5
15 20 5 10
8 10 5 25
5 20 10 8
10 5 8 15
25 10 15 20
8 15 5 10
15 10 25 5
20 8 10 5
5 15 10 20