50
20 25 15 10
8 15 5 18
12 20 10 8
5 10 15 25
18 5 10 15
10 12 15 5
25 10 8 20
10 15 18 5
8 25 20 15
5 10 12 20
18 15 10 8
12 25 5 10
10 5 15 12
15 10 5 18
8 20 10 5
25 18 10 12
10 20 5 15
18 5 25 15
8 15 10 25
5 10 15 10
20 15 25 8
12 5 10 20
15 10 20 5
10 8 15 18
5 20 12 10
25 15 10 8
18 10 5 20
15 5 8 10
10 25 20 15
8 10 15 5
12 5 10 18
5 10 18 15
25 20 15 5
10 8 5 10
18 10 15 20
8 12 10 15
10 25 15 5
15 20 5 10
5 8 18 10
25 10 5 15
10 18 15 25
20 8 5 10
5 15 12 10
10 20 5 15
8 10 5 18
18 15 10 5
12 25 15 8
20 5 10 25
10 15 8 12
5 20 10 15