1000
838
319
-588
224
953
-266
-486
-519
446
-850
-408
-760
571
321
-29
672
722
-392
368
285
158
-386
-471
-529
242
-469
-285
-865
-824
617
181
890
451
825
618
-190
-876
227
-254
-130
655
545
-200
435
194
-432
9
640
-935
-133
38
-867
-499
-26
-428
-607
831
-867
820
342
-883
742
-94
619
-220
-220
-452
464
-87
-603
396
825
-137
376
563
128
-317
-433
-774
-405
-293
584
15
14
-963
-24
-463
-198
967
-820
-51
21
516
-442
349
353
-26
-833
324
-945
-539
271
472
206
-834
-418
889
249
187
213
647
564
-273
-381
351
-203
-191
665
520
-345
702
611
233
102
-645
977
518
978
-950
916
963
-452
-251
709
79
987
651
-845
-161
799
714
410
360
363
-876
52
-937
518
878
-152
-506
882
141
-696
680
-458
-191
-61
-473
460
86
958
579
-91
882
659
260
-901
-691
34
544
-362
325
-885
-592
-16
38
681
-718
-16
314
-439
634
405
327
268
-640
324
886
409
401
729
108
-812
-829
-958
877
-922
76
-502
253
79
30
784
-928
293
-122
419
-558
-475
69
284
-840
-301
-78
-837
-723
-619
-649
-683
-388
-744
-772
742
212
-376
861
912
830
922
623
150
-482
282
331
-876
86
-178
831
519
-524
496
432
216
-497
-781
489
130
-869
661
758
486
-882
498
-967
-597
450
-865
693
-585
-198
-904
909
897
-809
538
-483
-386
-651
729
-707
232
192
-475
476
-219
404
-940
-692
-816
-112
-67
554
-238
-597
13
-79
-314
-170
695
701
551
871
-453
-943
749
368
848
719
-824
-61
874
377
550
598
-414
253
909
871
-883
-490
-701
-329
-767
879
119
625
775
-38
-496
545
235
990
198
72
-750
-917
645
22
116
910
-260
-21
205
118
-667
799
-417
806
575
-973
-609
156
-568
514
-553
741
408
-296
697
199
-204
-485
676
-423
-705
-561
82
-943
480
-751
272
-796
316
-532
705
-441
-392
-144
455
-786
-388
-68
-223
254
-522
434
-468
-799
-361
868
718
-360
510
915
-69
584
816
121
1000
-916
-789
-855
273
661
-298
493
-757
-204
-765
847
168
-454
109
-379
-768
-91
-615
-464
427
381
-258
46
786
425
-441
-264
36
46
692
-909
961
-837
803
753
-977
-719
978
-911
828
881
-794
798
599
-128
864
181
677
217
145
-93
-946
316
665
-675
849
-420
-83
100
833
988
853
-520
-140
-601
-848
161
-504
-761
22
-622
-644
884
460
-239
-286
244
887
673
-948
-858
609
-436
369
-4
-723
845
-189
183
-503
-29
-703
-502
-788
-695
-320
835
-786
-650
-395
534
746
368
774
-143
-134
867
-504
714
-918
-886
304
859
-266
-397
-741
623
-404
588
-345
304
282
551
-660
689
-266
-338
369
550
937
-531
342
192
125
-862
22
878
451
-893
-160
343
-586
617
364
359
547
76
-258
161
526
641
-715
-58
132
-249
963
543
385
603
-213
-413
252
-474
558
353
89
748
21
973
75
-406
694
-817
840
-765
-820
-324
855
44
722
-347
-20
-926
-360
-745
39
755
44
-835
-975
-846
961
33
-911
-374
-790
25
-458
-749
719
247
721
-646
-29
365
-762
28
-327
-41
-332
-494
112
248
-59
947
-323
277
889
589
-496
624
-328
-563
-231
-95
-622
-179
316
-740
-524
751
82
734
302
-517
645
862
-436
-969
800
269
-93
655
-158
954
357
-678
335
-19
701
-748
-656
955
-805
-531
-815
352
-915
163
745
-846
-214
292
-13
504
-243
33
-362
779
-216
366
474
-439
-462
464
-87
832
-912
250
518
560
-683
919
503
-781
621
346
148
329
-904
704
-599
803
-571
899
435
600
78
-979
-129
-823
837
-976
-366
-25
491
29
220
978
152
810
-817
-22
755
-463
841
529
766
-906
-473
-59
-588
-486
-689
-802
388
-349
330
136
-875
-422
-690
-866
636
-873
-728
625
679
-651
-333
400
418
63
295
-616
-98
272
359
920
675
-218
349
-707
-72
662
370
443
-521
-374
-433
155
-128
-279
-115
702
120
727
274
466
-3
-427
290
-797
878
-948
723
-232
-268
-894
-57
-600
-801
533
-517
-572
-399
236
491
-418
773
-115
-809
-335
285
-445
553
-84
228
850
553
-397
-510
-291
940
465
436
855
468
244
193
-830
-406
144
356
-689
-97
398
-630
-774
-378
-307
-896
533
-956
806
259
-921
-826
898
-136
592
110
123
44
-138
574
221
-960
-475
-575
811
-855
-528
251
-919
-967
-753
-425
220
174
763
737
-163
472
-466
-873
604
-311
433
757
-370
73
996
-169
-948
563
-960
131
505
655
175
-423
583
-385
117
765
386
186
-598
376
-10
917
882
758
66
-236
-972
326
-889
-380
-401
242
234
-347
-859
-336
-532
4
374
-441
431
168
-222
-172
603
507
113
-845
-950
737
819
272
-187
-435
-365
-420
-559
998
58
607
-595
938
-292
-494
-264
-351
87
601
-559
350
-154
788
-2
553
474
-865
-68
725
556
324
-805
-357
577
202
732
83
153
-814
49
52
-350
909
-444
565
-232
-459
276
-44
-131
-489
67
-539
587
-251
-636
-277
280
419
-334
-774
-484
-788
-171
-175
-334
-930
-227
331
400
515
-93
-153
935
-855
-384
-560
-116
-696
809
522
627
-632
-690
364
-377
-584
-481
652
-752
-389
-196
966
-973
775
66
240
279
-150
-977
310
