1000
496
700
780
-74
-806
-189
-516
33
676
-886
637
304
-939
-381
977
750
-244
-916
704
683
937
-685
38
-656
955
-196
-365
336
946
180
-767
-896
-699
625
-3
569
-875
520
-905
450
-213
896
-808
863
-629
886
991
-164
259
-762
570
803
469
889
-912
31
-656
322
-763
131
994
-747
597
723
-312
-49
-727
675
514
-133
415
-172
754
-907
-407
403
422
778
-560
427
804
-242
-1
-631
963
-960
-596
644
-907
-789
189
-128
296
-49
-100
742
718
-330
-349
-799
-604
879
-521
150
-441
643
901
-190
-813
287
-598
-608
-486
-346
140
-645
489
812
-6
140
-737
-608
561
498
-158
240
326
153
408
721
-746
112
831
-619
356
320
-667
486
-902
129
832
-692
982
-295
458
803
939
656
-901
101
-81
449
-94
866
-586
-78
781
15
830
-158
-199
964
-928
-714
907
-609
125
286
128
552
-650
211
348
815
215
-721
662
180
-472
247
862
819
-716
-463
-908
-489
817
127
139
215
-518
801
-945
-591
-790
-303
667
-187
820
-57
-39
789
665
995
813
-305
126
97
178
-338
967
996
875
932
123
325
890
-708
805
17
-50
788
-587
-101
151
959
711
-689
163
-396
-480
336
-72
101
122
447
297
-87
-224
-972
-889
-750
-691
922
-863
388
453
726
344
157
474
-513
372
-353
-369
-828
-823
-437
654
58
-553
694
294
-728
134
471
-245
497
834
-565
314
90
-505
874
-386
911
761
73
-612
-303
-512
19
867
-418
360
810
-803
497
202
177
-909
-202
659
996
-823
-222
578
803
-331
-942
547
191
-296
152
-600
465
943
-80
791
979
6
-779
462
808
-937
-847
-972
-889
-793
796
-739
714
91
567
772
-533
291
758
321
54
-84
-896
-565
94
86
-838
913
-100
375
-121
270
28
377
184
292
490
122
183
-599
-441
704
-974
476
-913
-311
225
-109
72
-382
178
459
154
548
583
-415
-961
468
94
69
224
935
-255
294
141
-544
499
21
995
79
-459
-398
67
767
143
-171
305
-28
-236
103
724
289
906
53
7
626
-627
111
-938
955
861
937
288
746
457
915
275
-564
-877
-299
-755
30
254
674
583
-605
-966
451
-798
54
-921
416
327
-670
961
146
658
202
-561
-32
58
555
420
-448
93
798
919
203
378
316
74
-563
196
27
-809
-357
11
-281
708
-632
840
-119
-838
-109
864
810
-806
790
905
372
782
-686
931
-627
648
36
-519
205
88
192
345
-825
168
-719
770
122
370
631
334
-191
-1
-342
-938
-389
-92
668
-743
-227
-377
-936
-242
144
-773
183
-353
-557
555
406
-503
10
-106
-57
-867
-962
-594
-715
-76
367
-384
-380
456
-336
978
382
-185
287
274
711
462
341
-830
81
191
-377
-217
-399
171
-121
-955
-277
-955
-726
285
-439
707
10
-282
545
579
867
-44
-259
325
433
514
-443
127
917
-836
-866
-634
531
-235
814
-927
896
-628
-345
-628
-311
83
74
55
84
-826
-902
-46
-830
61
-957
-343
-361
-697
55
-164
-911
-507
-677
-213
-376
-448
6
-66
395
-679
-614
-622
-55
968
450
-767
960
-453
520
440
-534
-465
588
-152
-457
330
936
-859
-239
578
561
-957
745
942
723
884
477
395
406
-859
38
812
-187
10
945
449
994
-298
771
-580
122
-843
-493
325
119
-654
-801
-518
224
961
347
756
-618
-230
445
739
783
-757
-542
-447
-658
899
-541
-875
-773
970
869
-255
-643
727
-879
641
-130
-873
259
395
-275
-666
-819
-553
-15
4
-639
723
-457
36
-768
867
599
864
742
53
-108
148
-246
260
-391
118
-231
-152
-392
-823
-859
-859
966
351
-208
737
502
-240
-406
226
-720
-756
-66
427
-833
-317
237
230
-821
634
311
746
-865
-244
37
95
126
428
776
-338
-183
61
883
-177
383
-302
-851
308
-524
625
490
-374
196
-380
136
-184
-756
747
-558
758
-346
536
252
642
149
-223
307
613
724
857
916
179
-955
-743
382
706
-836
142
-574
-6
769
780
-114
727
-241
89
-34
873
-121
97
-22
417
-950
-526
617
-364
951
106
-375
718
517
309
-750
250
370
-261
-328
-350
440
-404
675
787
-628
-818
913
-646
-935
546
573
-524
133
707
-138
146
-546
-569
-524
702
655
-406
-913
-633
-443
-277
-153
867
818
464
-98
620
246
-10
-78
600
398
840
597
516
148
939
965
-410
58
490
-801
-160
-126
-689
-93
-282
-740
330
-264
525
-69
91
777
934
-550
-708
-911
-453
616
334
298
-672
-118
588
972
-900
87
225
203
-872
697
-606
-30
491
468
53
971
-342
888
-870
-358
70
700
-727
-934
-592
388
-750
311
396
-380
470
811
989
902
-582
161
115
-75
-710
-670
73
-871
393
351
12
-800
-430
-306
-521
583
-41
-152
976
925
-748
-173
-737
-386
-758
-450
-955
-655
399
-469
470
537
304
198
430
758
170
-558
-706
-577
356
341
333
-799
-155
198
120
-612
836
-532
-826
-386
967
-905
394
259
207
-10
-488
-157
16
527
-299
-223
-929
-900
984
-388
-319
644
-235
-351
275
-61
-633
-521
826
-544
485
-610
-432
-508
611
-102
349
939
-277
340
58
639
-343
228
313
878
665
-229
781
51
-257
609
-141
-91
-548
-141
45
347
141
-852
-618
-392
-522
641
-818
78
-817
