1000
21
-78
410
-653
655
-50
688
-305
937
-907
-112
-895
203
240
-35
352
52
-157
-707
557
798
649
-761
734
63
-147
-270
366
130
-46
-384
688
537
-66
-720
413
634
62
-928
-932
-54
63
875
648
783
-95
487
-54
622
215
-744
187
-222
660
532
455
-268
628
-871
232
-205
582
888
-133
444
600
-956
-884
871
12
991
637
602
-414
473
-654
851
439
-765
210
-904
-873
608
-537
555
-508
847
311
-386
-70
713
253
-451
-35
934
-310
-259
824
-246
465
427
739
-546
280
-69
689
-275
155
-479
-298
331
-943
-457
597
428
368
155
119
-755
250
-292
-258
-527
324
-609
-852
850
-939
-423
501
471
-653
345
209
565
-73
73
241
-220
-56
-182
-270
-190
452
-20
503
-241
-282
665
-590
-205
167
119
-979
575
393
-574
999
-356
-90
942
623
-788
-273
-314
-692
-632
623
-17
-819
690
-242
856
418
-241
273
565
828
-303
593
-889
392
620
63
846
688
1
408
697
-533
500
-788
-76
-897
-892
-482
-454
72
923
-816
810
-508
-572
483
-392
670
230
503
253
476
-697
-191
-385
-119
675
824
12
-370
-162
-727
-761
-492
-653
879
-399
897
-833
703
-23
361
274
-372
571
131
169
32
249
-557
284
99
-851
386
611
393
247
957
118
416
-402
-135
-800
-38
-826
-965
360
-149
25
-99
485
151
40
-868
-492
859
-682
940
877
-656
-301
-289
964
938
-660
506
700
-786
15
436
930
-275
-238
297
-923
441
-490
31
512
93
257
133
-903
836
778
-694
712
-201
-862
929
-325
-589
-840
-613
-651
-5
-166
784
613
-754
-38
-690
243
787
556
-170
565
-439
352
356
-92
-535
-695
444
-928
724
261
884
-132
-578
136
-7
632
-863
-378
401
552
-800
789
-867
-589
-554
246
-491
91
471
988
-544
-301
349
708
11
-409
994
353
835
515
701
-468
735
160
667
-715
168
-270
452
199
-325
-489
536
169
509
225
700
-178
981
526
-284
-872
-930
601
-326
683
-118
-334
558
-670
-834
452
-276
731
-202
543
-588
707
252
153
-713
-154
183
-590
-172
61
843
-963
-17
-161
648
609
505
89
655
-747
-481
-662
-30
185
140
411
-545
917
-277
831
56
-913
666
437
-745
856
-393
756
829
301
156
-474
83
-84
-775
-695
-551
-599
698
897
-902
821
-221
-302
-821
156
626
-422
-385
-20
-345
-63
413
-86
-684
562
151
-38
-675
893
-421
148
-673
-340
159
-6
356
-684
358
33
296
613
-645
-748
455
-114
483
675
-18
-91
-406
-219
-532
136
817
103
-673
143
-244
-495
-620
-629
-646
-891
368
515
-25
-730
-693
-76
-747
-522
-806
-711
383
-341
-593
945
751
-188
191
-473
-713
319
101
436
-819
-400
647
223
159
-410
764
259
102
209
-843
-883
523
822
43
190
99
-177
-625
3
95
165
653
-99
-69
645
104
-578
677
655
-586
-102
-530
-446
198
854
211
-775
346
583
-264
-517
703
579
-284
-306
477
-825
-182
182
-257
-166
-570
-275
71
-168
6
200
713
-301
-358
-150
434
-382
641
-974
-143
-885
-193
-494
-935
-596
239
-929
-160
936
-516
999
557
-96
-598
554
-745
-175
371
479
-409
843
-120
564
922
410
-791
-9
-961
692
607
-941
-322
119
-8
-506
886
-200
515
-37
-405
-751
-225
-272
-813
-491
728
0
-159
-963
778
-547
205
951
545
-246
-312
-428
264
139
238
-898
307
749
547
839
661
232
749
885
-532
282
907
578
-454
56
385
-967
771
-384
458
-443
652
716
-227
-783
852
-90
976
-675
720
346
-144
952
-364
-913
-667
389
718
-210
584
-368
-866
-964
645
20
727
-106
-24
510
-574
498
10
-598
879
356
-660
-290
802
-951
664
712
-466
664
973
-696
630
-814
107
-188
-880
255
339
163
-645
-697
792
-444
-804
444
-4
28
-333
-381
427
712
469
-637
-261
553
-701
249
735
759
-320
154
405
262
-886
-884
-315
204
823
-356
900
-496
132
-847
-739
-656
-38
-330
-651
-379
451
110
666
460
-736
921
-20
701
308
536
146
-482
62
903
-856
799
-894
-80
-941
573
767
-947
286
-258
369
673
-974
427
938
703
-35
385
-362
-12
675
733
291
-32
11
312
751
15
-270
120
-416
-63
-880
29
-490
-332
-832
-958
-162
-475
374
-62
-39
889
-18
-222
-954
-475
801
-654
255
-642
-642
-399
-572
-365
665
376
576
720
-459
582
282
387
281
-14
-717
-597
-40
618
-972
174
121
-847
-47
-147
148
-410
-758
311
-230
626
-829
254
-311
195
640
-26
-39
998
-322
721
-526
956
-37
-774
540
-216
-636
-770
-652
-593
267
-45
466
465
240
-348
357
853
483
34
837
207
-640
-245
625
-565
849
46
-171
-796
-951
-921
468
356
716
-415
-155
466
-352
192
-738
469
-567
70
-678
900
-327
391
-434
-398
-362
781
-120
229
770
-105
-965
-486
3
-97
217
107
619
907
436
-228
348
-519
-865
102
136
-685
-350
830
-447
465
-337
-481
-703
-957
-242
-41
-266
622
917
691
-721
-212
919
-560
-959
641
29
-258
-725
205
-674
-691
842
10
393
-318
723
721
-531
-449
522
-737
446
-600
51
721
881
985
666
-391
817
707
887
-567
173
-735
937
277
204
-848
-965
-2
-879
63
164
-758
-556
355
-678
-599
-342
