1000
-513
-746
743
357
332
563
-801
-517
561
631
-830
-689
632
756
-390
972
-804
860
-923
-4
-276
-42
998
-124
907
-188
370
433
98
233
-853
320
-61
647
-175
-368
-89
-374
850
375
608
-573
166
883
401
-582
-299
-634
915
-427
-110
484
-483
3
197
686
845
487
-522
889
218
888
679
842
-818
-307
192
-299
192
640
-616
-476
711
-67
-827
-312
-889
71
-547
-501
-62
-17
554
-348
507
982
844
-326
-648
811
-820
-457
765
-562
-606
104
294
463
-139
512
-861
-464
905
895
922
-929
-678
-309
-213
-469
953
-663
334
56
77
527
-280
808
-35
858
497
-259
519
-631
853
839
-586
-17
248
764
972
916
-117
279
457
366
-742
-238
-379
840
552
-166
236
-234
173
625
-498
-22
287
420
-300
-875
-676
-793
-470
315
-510
31
-253
480
193
597
551
-77
494
-262
127
-80
-159
-28
175
57
-630
-116
380
787
-546
700
969
-12
-819
-234
-943
475
946
148
-656
294
-193
926
498
-545
-863
901
632
454
-20
-51
-86
496
741
640
983
263
416
620
-545
-731
-674
-815
460
-486
-467
-215
-921
-258
-637
-514
-40
-799
812
-545
675
-65
-833
580
329
-569
481
-237
-77
998
966
670
168
-629
663
-45
539
221
-212
-946
-929
-558
404
425
-129
-47
679
195
-552
63
575
627
383
824
-656
626
-359
-225
-39
-819
-732
-608
621
10
755
-583
216
-128
-386
512
-46
255
-120
-280
-189
590
494
-979
929
188
939
740
192
-724
665
35
764
-110
-336
496
560
133
921
634
-295
643
-177
-748
118
319
-136
-901
867
648
-87
349
-159
-763
-44
911
-826
404
-629
-802
-338
-580
-409
-502
453
-583
-488
-546
-696
-512
-21
602
-633
429
-541
-185
-570
-844
-747
-53
597
234
-725
-864
599
331
397
-534
-517
-253
-90
393
-910
-37
-752
205
445
93
175
-377
-729
273
564
288
650
360
706
116
-752
401
912
-22
-857
943
0
-839
-942
-250
825
739
-74
253
626
256
563
-138
-365
69
845
822
-277
951
-478
348
640
-413
580
-660
590
-3
-376
923
-168
-860
680
688
211
-725
-660
-523
-690
608
608
-271
-517
-327
116
56
910
-24
714
-430
-748
360
-882
705
312
482
-791
-648
207
503
610
-321
-856
354
-845
-583
845
-574
-485
451
965
12
537
-780
-388
680
774
-604
46
-73
-887
302
-195
771
146
248
-368
886
659
-700
-391
-559
-768
687
-109
542
725
-887
78
-438
626
585
781
881
756
-388
-917
-898
660
962
-870
-130
111
-113
-548
150
-421
-84
-304
-297
-79
-868
-108
882
-388
763
-901
696
381
662
-109
-369
-301
818
845
-854
379
-138
-70
-52
-227
-412
249
-300
734
361
280
-617
601
701
556
951
-865
-213
-927
651
811
-92
890
-333
-781
-5
442
-419
-135
107
-773
807
-595
909
-768
-851
-738
-761
-562
-635
-948
575
306
-538
-806
-528
-762
508
335
-822
283
-260
-198
-939
-736
-509
317
86
-305
-693
185
382
987
751
-26
666
67
670
-874
-137
-225
795
178
-514
573
-656
-573
-797
855
304
547
-712
495
132
-231
152
-666
63
-290
-161
781
792
658
547
-813
908
-888
-919
-592
-655
-583
417
321
965
-897
-923
-796
906
414
833
-593
-704
867
-979
805
-366
-280
-888
-883
287
476
-798
726
-86
-646
603
922
-756
888
119
-552
236
-751
-248
137
761
-51
-757
-776
132
172
293
60
458
356
-684
-717
335
-293
897
-291
-880
685
158
626
691
-596
445
192
-329
-645
-342
186
-832
-335
-96
-725
-860
-258
923
738
-110
-256
504
-266
-332
-934
-870
989
-949
-218
-597
-820
-464
-655
567
-511
-8
-184
21
-916
-836
-427
-319
-361
-832
717
-223
-178
67
-422
-943
772
-810
279
423
622
891
75
393
29
791
-941
-414
-436
-552
-413
430
446
791
695
-774
-315
-400
-388
-855
-53
-860
475
-681
839
-580
500
-408
-622
-38
732
-55
-303
-933
409
-26
-625
-549
-428
-588
966
786
-572
633
-521
10
5
96
65
-11
568
-73
171
23
-18
-584
343
226
578
494
-366
119
-774
115
90
143
-818
953
176
40
382
-180
-632
-519
-36
-858
-281
570
-61
491
223
226
-586
-7
310
-270
334
-922
-570
345
-189
-377
-390
600
821
-269
809
-3
-581
146
-595
-626
-494
705
927
-502
256
913
227
-554
496
359
264
-785
325
335
-575
244
592
-809
187
-275
392
-47
402
362
561
829
-76
-379
-810
-464
246
533
128
33
634
-259
356
833
-980
-441
-307
-352
-751
974
274
795
-344
469
755
-297
631
349
285
494
-26
-700
533
331
566
998
582
-929
-381
333
-832
725
-415
211
-728
885
-824
857
-330
-703
256
390
-687
383
-980
353
981
562
867
-914
-458
-947
-525
-603
789
-877
699
944
-370
681
-283
757
-243
-297
-186
750
188
-27
800
262
479
-746
311
-607
626
976
595
835
-766
-319
-97
945
303
-352
-52
601
390
-812
428
504
403
-747
539
762
18
985
-556
368
-967
80
-126
695
137
-586
-534
957
142
-451
416
-172
680
-957
870
813
-459
245
454
-219
379
474
-195
564
971
-204
155
-748
888
-595
509
995
973
110
-471
122
731
-222
852
22
992
-977
570
-685
310
578
-250
-371
-604
686
1
-89
-183
894
-74
-963
