1000
481
489
-880
384
-105
-720
-363
537
108
672
449
-740
325
-924
-690
919
-959
675
568
262
509
676
504
885
-806
944
896
-208
380
508
569
-85
-543
-6
-278
-477
-339
271
715
-266
492
620
-752
135
-932
-373
119
-908
875
501
528
-561
-946
536
721
-131
69
658
442
464
-970
939
-598
-853
406
-916
827
-753
285
969
-124
58
97
-957
-707
69
925
916
798
830
-822
-220
495
219
987
-914
-431
945
-331
803
-253
169
-640
-944
-356
-117
-637
627
-592
-496
-216
-607
-793
360
-34
-94
-355
1
-51
-135
-636
82
-937
548
521
462
361
-647
-865
982
134
-602
898
837
378
859
356
-902
450
554
631
242
298
-545
-249
588
-787
-807
356
-121
-782
-552
-61
-284
582
-379
658
116
-790
241
462
919
-572
-689
921
-610
-837
244
-445
704
640
-196
478
-679
-209
112
-422
-301
-128
-228
-557
642
819
-387
593
777
761
-965
958
-871
665
-390
576
-287
-309
543
-132
837
775
-859
-619
-359
-953
360
45
-232
-588
268
775
-324
-978
-391
-954
-788
734
-736
334
-910
-348
-324
535
475
-283
-504
573
338
975
16
870
-979
-733
524
824
865
-260
-909
375
487
204
-129
368
414
-312
-357
208
545
-932
-660
258
-336
-605
-490
-612
32
-556
838
-486
654
-685
598
-91
-58
743
-720
-28
307
-255
-38
-462
382
184
-140
-600
817
-60
813
946
-472
-110
-211
417
465
980
467
648
774
-49
505
477
-382
-229
308
116
-469
-797
418
-97
888
211
939
-379
445
448
-808
-980
-158
-117
-950
-670
179
279
-432
863
344
-496
460
350
614
-745
-564
488
-787
466
-959
-492
709
751
807
669
-470
93
-65
676
571
57
788
218
-528
-431
301
-518
-633
287
607
710
293
27
428
528
-500
434
658
-401
-666
-636
-229
172
-593
-560
448
340
251
487
-129
-271
708
-937
579
73
-398
41
497
-581
-925
-87
819
948
207
-425
-672
243
406
567
-4
941
973
640
411
-866
-410
-661
-817
-94
911
-537
748
902
-187
544
495
-372
180
-684
-467
-807
242
-685
-892
691
87
288
134
-400
201
-347
-514
549
999
276
-135
516
215
500
92
569
467
-892
426
230
807
-456
-507
-21
163
-466
436
-100
-263
527
-508
-62
819
-861
706
-358
868
-168
14
-587
-640
-685
169
-691
133
993
-62
293
-142
465
888
-253
-379
185
-497
-804
437
747
75
601
587
575
-116
-162
369
250
1
-570
-671
165
-507
717
-970
-103
-870
-365
-655
870
-181
-870
-968
613
47
-442
-771
-560
473
-687
-41
972
-611
-687
-339
-489
232
443
-377
647
993
7
540
651
-94
443
948
92
819
555
-219
-808
-423
-833
910
-449
-167
706
-474
440
-675
435
712
314
361
-833
-67
-525
431
761
617
435
-387
487
432
404
210
678
1
-154
70
86
398
-963
204
-482
-559
410
-744
270
-531
211
24
-465
609
-184
904
-829
360
-525
429
-147
220
657
-227
-122
-109
467
-744
-561
207
-683
848
315
100
-534
-440
182
-419
-775
193
284
988
-204
483
788
536
-470
-78
421
837
607
174
850
362
-670
430
-724
953
892
-920
-143
417
592
128
-688
817
531
-319
-771
234
-926
557
800
-977
-700
-394
176
494
-439
-602
934
321
888
605
-266
991
-415
-503
-276
487
740
568
993
-412
644
-213
155
515
302
462
-263
357
1000
-695
932
-479
810
-624
777
-613
-92
271
815
-302
-621
679
-364
73
483
-52
-708
423
116
642
864
694
569
-174
-183
133
-178
807
-224
-155
100
-589
732
-596
-683
-259
661
-802
-315
454
116
13
-789
291
-436
-515
-12
-304
67
-282
63
-750
-478
657
472
140
-500
-434
187
664
-602
-310
390
823
-792
-389
925
649
-120
813
979
886
-120
117
383
433
-377
-772
-698
-320
66
355
-411
-634
-893
416
352
677
-850
-194
458
34
-354
831
931
410
-509
-901
-313
-40
-470
-828
763
524
212
949
-26
-44
-135
241
406
-152
385
194
834
-106
609
-134
-677
394
907
-243
-357
-250
625
190
837
-889
-402
-202
663
701
-337
275
-858
-737
-871
-516
71
896
342
-607
379
-843
-959
227
824
-209
116
52
-581
-814
-238
-633
873
857
-639
-356
-884
944
625
-379
932
732
331
-53
238
130
753
678
-318
-869
115
702
264
-516
-835
349
-389
987
-338
-228
-299
-964
881
619
183
-767
-77
-753
881
796
-402
551
546
54
595
-767
33
-59
75
409
-97
-383
-764
46
166
830
-235
-483
326
404
396
-920
274
-161
-798
-662
598
825
-610
-168
185
597
-405
501
-443
544
507
10
-430
732
-818
660
839
320
-208
399
-907
-927
-45
-339
933
-28
282
844
146
-439
882
-458
241
573
-204
-582
53
295
721
-634
52
-823
-872
-747
-2
-628
161
335
-537
-900
844
665
-868
213
-266
782
546
683
-575
4
-631
-859
912
188
155
407
255
-118
-454
-215
-51
-871
-943
909
-464
-117
378
870
-953
-618
-103
966
-582
-199
388
128
-793
740
-783
-594
903
578
83
509
-603
-864
392
275
-225
-810
-240
112
-581
-262
-350
-364
-199
-187
-335
113
-91
-269
211
805
-364
-263
878
-243
461
474
24
-885
751
-618
305
-404
-585
404
13
-919
443
-728
-244
127
174
150
-99
-677
28
35
