1000
706
889
119
652
-739
490
772
-90
693
-805
-930
-91
-971
-589
-829
385
681
134
767
-616
707
497
-553
-5
498
239
-571
644
107
-711
881
-473
859
217
-654
405
-179
-375
509
-287
340
879
475
-549
408
-658
377
451
386
-877
-251
864
-756
451
-705
-239
-688
91
49
-363
591
59
-952
-163
-654
-102
-77
-940
-418
-606
-771
942
-414
-123
1000
439
-720
885
318
470
955
-517
682
-762
556
-31
656
927
-736
-734
284
-941
-884
380
515
-970
289
924
-80
635
684
736
10
519
-473
-784
-294
-258
-286
962
90
-707
-533
-873
539
453
678
96
609
-576
459
738
-805
787
742
200
-665
-964
-330
-827
-611
-36
-891
-471
869
-617
215
-218
662
387
-220
-479
-308
938
-9
-15
416
-551
-338
-370
197
208
914
-606
957
805
-478
-533
568
794
620
645
-574
127
-30
-209
-71
-483
711
-459
-97
-757
574
527
-718
-699
-394
-968
365
191
-352
-437
-528
-843
-310
-801
508
-1
-475
164
-742
-756
165
227
83
-78
-698
-565
-776
869
-968
423
560
-716
60
849
-150
-662
346
180
438
-452
635
887
-470
-702
-135
-890
979
352
803
151
-526
-658
-652
893
368
-650
-808
391
-203
308
344
341
-394
458
378
-503
510
997
281
351
-304
547
693
471
-568
526
-491
-978
-604
-223
435
420
330
45
-735
556
386
-650
-308
-419
-229
-236
-415
234
-819
-366
589
383
-721
-835
-537
-507
-765
-934
-126
-746
-770
-237
709
918
872
-787
455
866
-210
-787
-32
-836
-802
-130
-137
970
-855
282
930
-941
328
830
692
-615
279
-158
970
-464
-893
61
318
210
-33
-17
-553
-315
-593
643
-76
-545
47
-180
571
-362
873
-186
801
-555
59
-331
-630
781
73
-76
845
574
483
941
-154
-563
-636
454
980
261
-287
-901
-155
-712
-877
936
982
152
3
-168
-962
-56
-536
-870
-521
-976
477
-39
18
287
-541
-110
3
-278
49
375
213
-856
-933
193
974
-698
-436
-959
964
-325
-972
-951
602
-174
-131
188
-509
30
-960
792
-972
593
504
-929
-153
-493
-365
676
-685
-91
958
-917
-956
587
303
217
-639
360
-428
-243
-170
-250
-773
-62
871
-531
635
783
991
782
-347
678
544
83
-799
911
59
-567
653
-849
-176
39
-702
39
461
-356
-946
-570
210
304
780
204
-426
505
763
-466
-141
20
371
574
-427
-825
-627
-273
1000
468
-354
421
600
-40
-514
-667
591
-46
182
165
-492
333
486
-185
-444
73
-777
-714
-796
-200
-329
811
644
383
120
500
350
-879
287
966
-490
652
900
575
-460
-946
-735
-865
677
-292
-408
-644
254
567
-410
329
-514
-385
-977
968
-237
662
-918
638
-739
506
978
509
348
-423
412
220
143
-461
42
277
10
-364
-949
487
-910
-804
659
639
769
-750
-503
867
-939
913
-759
190
-626
-40
39
-46
-221
337
24
-495
-381
-500
-200
-528
-75
-835
-947
466
-964
663
-113
311
996
348
409
883
-930
347
206
-658
-676
-155
-124
-180
-920
668
559
-249
-723
-229
-761
-529
250
-224
591
705
-48
416
-918
-945
-357
-5
-157
-454
-649
-905
-115
36
-721
-211
-213
763
-611
376
-949
903
915
699
-297
-76
833
-200
-228
-689
311
406
-242
788
-715
214
181
62
-46
712
15
175
312
-598
236
-963
-587
550
-664
-974
-745
-572
-209
308
967
1
602
474
-562
372
-360
-36
-199
-750
432
713
-42
-502
367
356
-970
621
402
-933
-139
-818
-574
860
-423
-501
-104
78
-973
-78
219
-35
-712
-487
-762
252
-786
391
930
-604
860
326
630
375
94
251
736
-115
887
714
-926
240
138
418
586
392
814
654
528
-203
739
868
-710
866
-53
-817
-267
250
213
-248
-323
528
-477
503
457
713
-361
-658
349
632
622
-105
153
-481
-893
970
-302
-437
-841
884
293
-772
479
-865
188
924
23
-103
-834
-628
505
491
994
282
850
773
-88
684
-205
-255
249
-534
269
200
665
975
943
839
-107
-635
716
137
-757
248
281
-321
-114
-957
-485
-326
-482
592
-902
468
-128
-403
-115
40
144
-808
561
-574
-503
-639
924
-564
662
-558
637
911
-759
737
529
396
-535
-221
250
466
-520
-812
-428
-600
-97
832
-877
675
433
456
750
234
161
255
-46
-729
-811
265
-387
630
-795
920
276
196
-224
548
-359
-479
-971
-196
385
-644
66
316
-798
-977
426
-13
632
-37
-297
-272
-573
312
15
742
-877
-772
-623
91
458
-340
-628
-695
-141
-473
-432
781
192
539
-31
-773
-200
-624
-392
340
492
-518
-949
93
651
-623
760
-604
38
222
802
-443
-942
289
-878
-222
-559
-500
-767
-447
588
-51
-340
-651
146
-672
355
-22
-462
421
299
199
468
725
891
992
276
794
683
399
-391
-141
-452
-273
-136
314
-533
-726
684
98
875
621
-617
366
157
270
599
844
-752
76
695
-587
103
832
226
665
-1
-341
550
-846
-529
650
-764
-776
-669
-835
602
295
-527
-482
222
-633
280
422
-625
673
-924
360
-379
27
-274
354
297
-674
-928
-839
-182
241
497
59
-457
404
-736
-894
953
-797
256
792
333
127
-755
458
142
-763
579
-158
-375
-173
-505
-380
-701
789
850
760
378
108
-654
-849
-704
-599
-642
105
333
-516
114
-321
848
-256
340
539
100
-242
817
998
