1000
52
-969
-174
392
-587
600
-485
474
654
145
-522
976
-7
-242
-979
-557
-957
367
27
-130
-930
843
329
76
-414
-222
-760
-784
906
909
163
444
494
598
-159
-828
634
-745
-840
-181
812
90
380
-885
273
-752
-218
-335
472
-309
241
-483
694
-596
-568
506
346
4
739
954
682
325
364
-56
-886
-299
59
142
-144
735
-439
-192
-631
584
-798
891
810
559
166
-4
574
595
162
-760
-177
764
936
-481
53
-238
-338
251
-719
492
630
571
972
358
479
-873
-781
971
876
389
447
584
-978
-791
-273
-431
-872
384
445
-52
833
-22
-359
854
-221
-902
-250
-9
-860
81
-219
367
75
-806
121
429
-829
145
757
-142
-913
-578
81
38
936
-975
102
296
-201
-267
137
724
-667
741
-844
-431
136
129
-458
639
-775
-652
-739
-155
-258
769
-414
-138
257
-926
-486
423
298
925
-686
823
-65
-757
-48
600
249
-27
693
-155
-269
380
455
-117
962
-466
525
-434
960
35
799
-82
-317
-808
516
-351
-281
-121
603
-518
544
776
-758
905
141
855
-618
429
-514
114
-808
285
97
878
564
753
-611
-704
663
-201
380
2
-614
-457
994
-528
875
-315
688
526
6
115
921
-86
908
-759
-429
-261
-565
775
-403
-2
-297
895
430
148
579
-952
477
354
114
242
-428
294
-856
597
701
513
-223
909
-801
910
854
129
-554
322
400
-257
312
-140
-828
-502
687
670
296
-306
-156
-871
-492
768
261
-423
-132
-201
-368
753
-866
2
891
-763
-691
-748
312
-12
-818
516
241
904
-301
-614
434
-816
680
616
-271
981
32
-397
426
-249
482
853
-216
983
-961
-538
-432
389
399
785
-419
600
514
-330
115
-310
-941
233
-712
-427
998
-944
980
-412
985
7
-146
879
945
-474
193
33
527
189
-849
-541
-339
170
-515
88
18
-185
-98
533
418
129
-402
-36
537
-825
762
-644
-765
736
-971
-962
-852
-346
-868
-679
114
455
-803
808
-305
-285
449
-39
-196
-217
-565
789
25
66
-129
-25
117
-520
901
758
695
-675
-399
-896
567
357
-359
508
-762
-548
588
272
-427
-741
569
-949
126
-568
-340
455
564
-654
-530
458
-519
-602
-407
-135
-337
750
-932
-68
-415
-413
971
800
-15
-204
-158
-124
369
393
310
601
471
947
-700
709
775
279
-85
836
949
736
686
34
526
-153
-933
-840
152
-183
150
-478
285
-91
-137
-669
-424
98
781
116
558
337
332
309
-219
406
503
722
756
116
-769
61
73
875
-935
-588
133
317
-611
-263
592
-345
-809
-577
812
-752
399
697
-555
-930
-569
-859
848
-715
-285
282
634
-434
-831
-24
121
-118
739
60
-83
-289
764
575
389
-288
664
-385
-947
-832
313
-417
280
525
596
-215
-409
783
905
916
353
158
-445
521
3
-581
464
507
957
622
421
-263
639
-773
774
445
-636
-976
856
671
648
339
-502
941
-268
662
-485
-431
-872
-920
247
381
-928
869
-96
-123
-963
-140
370
175
290
-848
364
-907
256
-682
191
952
136
-861
123
871
-623
-954
-123
419
-780
598
287
988
90
-92
-509
-587
136
375
-177
386
-230
-154
974
-81
207
481
-371
58
802
923
-933
9
722
58
-545
-881
-638
298
-533
-53
831
-710
876
964
547
295
777
48
571
-385
-636
899
272
-675
346
731
760
540
-688
-499
400
-27
480
643
236
632
-52
424
-389
964
408
-527
-391
-341
396
-608
-493
-961
-904
-898
429
-472
614
426
-449
-817
-471
-520
-972
-776
456
449
93
-558
-526
714
712
862
-328
-380
-762
1
-380
980
-377
-329
-110
-701
154
211
552
646
-238
62
599
844
-253
412
610
184
71
-493
-904
762
-120
269
-873
170
-771
-348
714
-266
277
383
-704
-698
-66
-779
-537
-464
452
627
189
505
710
-870
415
119
-132
925
-376
-341
915
346
345
441
-81
-677
-509
941
847
967
-944
-330
-246
23
479
492
-397
-699
158
-887
-538
-703
41
-329
-745
697
-930
181
-972
670
-351
985
674
-399
238
372
-782
-422
671
993
610
738
-189
367
-191
851
-849
428
717
797
-8
-93
-676
186
-778
-917
510
-350
-305
978
252
-458
790
-13
-653
-692
-182
-488
-136
44
-360
-770
-439
895
-933
-262
-550
-211
-566
-4
-742
684
-930
928
37
163
-234
-320
-534
998
-684
-568
-425
-476
-971
683
-926
353
181
835
918
-481
520
661
831
395
-151
-234
764
802
-602
-750
392
-152
470
36
-329
-824
-257
-625
298
619
-971
499
128
-427
-521
-58
-146
-342
-656
-772
-594
92
390
-871
455
-867
227
-645
-214
-179
139
67
-890
-719
227
205
313
199
249
-893
-74
-548
-176
110
919
-416
210
791
801
197
-553
-353
-550
561
-751
634
467
-908
-738
488
638
811
612
-631
525
-131
428
-652
-20
154
292
859
-448
-520
868
195
-973
-495
230
-945
-68
874
489
58
-933
-64
228
-928
919
-824
32
34
293
-350
-69
130
672
-369
81
439
812
971
968
509
-825
-393
-866
702
-488
275
-356
-257
-666
646
-451
-688
344
-844
353
-601
-66
-667
-437
967
891
-688
236
-781
-397
444
-709
400
773
-428
-697
40
-162
-219
726
-456
497
-193
539
-223
-941
-539
696
436
307
-840
-324
-419
537
-489
-58
-782
449
-255
-562
-337
396
-770
145
170
