1000
706
362
432
434
482
426
650
256
176
104
488
472
552
920
656
482
392
258
744
770
170
328
536
802
112
208
354
106
378
698
536
506
104
448
162
408
210
570
688
202
674
200
448
690
392
304
674
306
66
504
394
66
80
704
872
664
26
818
466
794
2
904
554
218
610
960
344
248
218
776
560
786
386
152
448
72
634
322
16
720
322
568
954
114
122
130
482
656
104
90
536
906
232
498
856
130
994
376
394
10
48
786
816
594
296
842
40
938
328
248
618
802
122
162
682
306
626
32
674
376
250
296
608
538
18
192
16
634
504
698
776
136
840
248
586
280
624
424
480
218
528
912
426
666
88
520
26
442
824
210
450
570
530
58
698
512
602
18
480
768
162
240
194
992
290
818
498
562
850
552
682
162
778
722
848
970
560
786
434
618
480
650
258
682
816
352
472
848
32
626
800
618
160
210
450
760
786
520
336
384
274
744
408
570
560
154
456
514
154
424
650
368
896
386
456
354
40
170
930
626
840
730
232
290
424
160
560
658
394
160
130
282
690
394
298
464
200
778
50
690
800
752
176
178
624
514
354
386
306
176
50
410
672
576
328
346
818
50
210
58
266
712
746
648
250
640
56
458
10
394
184
704
376
104
1000
544
82
834
464
128
666
696
634
104
514
810
362
120
10
664
96
464
856
626
744
72
698
448
578
834
488
904
112
568
128
680
672
840
370
560
864
210
512
592
168
186
570
320
720
290
602
904
274
490
778
352
592
896
520
66
952
762
58
16
584
808
394
914
448
90
986
272
602
104
818
768
986
74
242
568
824
928
960
576
536
418
688
754
650
24
346
600
402
634
90
848
442
328
634
824
880
960
624
498
920
330
506
874
352
344
274
866
504
626
370
880
522
584
504
264
426
656
560
250
82
48
58
698
184
328
960
496
778
592
712
456
618
306
704
130
162
968
114
74
986
746
560
578
594
178
74
304
186
602
488
888
760
410
410
880
586
712
640
994
674
8
170
266
640
922
234
904
674
704
210
858
794
530
594
298
426
906
194
272
674
752
306
616
80
506
112
888
104
914
338
442
744
186
466
544
58
728
170
128
634
752
10
610
632
224
616
624
466
994
696
72
960
320
970
162
570
664
56
474
794
50
176
946
432
490
626
784
154
458
850
448
786
720
258
130
248
178
154
506
162
538
450
904
672
994
48
56
338
704
322
2
426
794
136
696
58
1000
394
360
904
274
18
234
578
194
402
514
904
234
50
112
40
664
778
626
312
16
704
426
32
186
832
208
760
538
96
210
874
410
80
826
368
184
826
584
458
216
112
858
856
42
480
218
906
786
264
984
162
248
450
896
792
200
768
760
16
216
690
136
762
922
752
728
210
482
984
208
128
552
466
40
656
698
610
994
152
682
928
336
602
608
736
378
506
538
258
146
896
776
928
40
832
930
826
328
274
232
664
162
866
282
720
218
856
1000
832
610
168
176
530
666
248
1000
920
42
992
808
904
696
346
640
394
704
842
530
802
176
728
74
64
680
712
82
624
426
290
642
760
866
696
392
258
818
640
624
952
194
240
136
90
888
144
586
496
970
226
480
80
176
48
808
440
336
816
352
96
682
72
176
24
144
714
872
296
218
874
88
914
930
88
352
912
666
616
698
552
224
528
704
930
528
58
776
954
8
1000
674
610
216
106
242
418
320
506
186
914
962
738
410
826
952
506
360
138
536
674
794
674
114
376
658
24
162
560
562
32
600
186
658
938
130
970
608
714
568
872
874
264
152
600
666
472
946
394
360
616
96
874
328
330
520
872
698
192
608
856
706
352
16
186
698
960
488
32
328
314
210
672
8
514
570
906
74
770
418
680
256
874
920
568
272
840
570
434
218
170
858
384
248
738
842
552
112
258
968
146
824
962
488
850
64
98
330
106
568
304
562
330
346
458
90
608
58
88
882
986
610
88
58
696
98
912
528
280
672
560
82
650
706
106
968
456
496
768
480
256
138
944
474
274
946
178
568
96
458
34
488
768
624
378
912
954
538
256
432
746
888
664
136
930
354
808
570
754
90
666
760
432
312
594
954
104
360
816
802
288
730
328
858
218
792
714
346
714
128
848
930
624
960
690
928
730
80
32
922
330
808
456
416
976
520
840
904
56
176
522
698
266
736
874
714
208
96
928
672
330
504
240
648
954
506
352
802
498
200
120
816
314
792
914
648
440
392
98
704
136
704
338
514
10
162
216
120
2
736
794
730
752
506
984
768
330
992
40
554
320
90
624
754
858
234
376
360
922
128
