1000
754
-738
-511
-469
648
786
-522
-196
697
347
820
572
-715
-510
970
-282
-906
-466
-146
-301
477
785
497
707
-2
191
-789
359
-853
942
-523
-879
-570
729
257
936
-755
512
-617
545
191
-284
-701
77
547
97
-610
-445
-83
-159
-470
-547
690
456
604
-976
316
924
-31
-46
-864
470
10
832
-299
-137
-416
539
-687
115
-503
964
510
-235
-885
-720
528
-476
797
623
901
-229
295
405
-157
-22
477
-972
-81
276
630
265
374
827
61
-322
628
-415
548
323
-87
587
-128
-973
-276
389
373
-880
-720
-193
235
782
10
316
-772
-523
129
-648
-876
667
9
-867
202
-848
-113
32
-371
-376
228
887
228
183
-938
-212
613
-310
-80
545
46
589
-119
894
-262
33
-669
327
398
-410
-541
455
667
863
585
-469
772
633
-185
-91
-137
-373
-456
638
-386
67
882
-246
728
-125
-885
-863
274
-488
401
645
-589
-738
-40
-248
831
745
-27
262
-894
555
708
-670
410
-458
210
512
-229
626
-275
-223
899
-77
-627
380
-722
-470
440
-861
-926
951
-152
-1
350
-539
958
627
-359
-189
-259
-341
-446
-362
-561
-478
159
-103
-964
692
-542
534
-221
287
-979
-301
-352
-421
385
-406
868
-545
-476
-260
-629
992
-472
-466
-649
-232
-147
-238
797
-362
81
148
847
993
-920
655
468
-594
958
290
802
81
-907
334
768
325
-960
15
-487
86
-306
888
-40
-551
76
-571
252
202
581
546
220
-897
686
936
29
718
-740
-324
-503
-372
306
-211
811
98
-815
732
750
531
356
-356
-547
-117
680
-718
729
-612
-980
-906
-357
-211
833
76
44
37
-561
959
-43
627
-240
-66
245
262
633
-915
902
286
-651
841
-301
-899
368
-474
-304
-162
-545
-122
-305
-287
-562
-532
655
-479
-330
282
374
-691
-529
165
-202
-376
632
386
729
265
-97
2
-908
-451
681
-382
-351
-938
172
-444
-644
-101
-850
642
-64
372
-600
-545
-677
-654
223
121
-773
-107
-210
-507
-449
-308
-107
927
10
-468
309
559
-497
-130
-837
-16
705
309
-233
-318
-524
-39
808
478
566
-722
-51
47
-284
-841
-535
532
-319
746
501
-118
312
-265
-317
514
-816
-945
806
651
-839
-838
952
-95
884
-289
302
843
161
25
-527
325
-451
396
199
-896
948
-101
527
-572
850
772
612
289
-893
745
54
-905
-706
764
508
226
-838
399
48
-724
-753
348
-259
952
-625
924
-733
131
-975
648
149
644
983
576
435
774
-293
910
-816
609
58
582
-977
-409
392
-454
458
-821
-495
450
520
-911
907
27
277
948
-742
-314
-802
-209
37
973
-149
-446
-74
-12
232
501
427
-874
339
790
-853
238
-332
-32
-443
-634
-283
-507
348
-737
-553
230
-136
731
-179
-212
853
223
-682
350
-389
-716
-590
790
-136
224
-968
539
-70
-668
112
780
496
-392
-932
-870
858
225
372
-866
-345
856
898
-379
-751
426
566
-598
-796
-543
776
-385
878
590
913
283
849
135
-140
-208
409
485
-454
-517
140
-316
301
51
-661
-70
-551
-21
557
-928
908
289
-939
-2
476
-262
415
-682
-499
-378
864
769
-649
-37
-93
-331
839
296
-172
498
728
917
166
-630
-651
-400
-931
570
-965
-6
80
902
-471
94
396
439
-344
744
521
-193
-332
266
612
-231
-163
-222
169
-235
-67
902
-664
-681
-307
960
-418
-395
387
804
-891
943
-818
-873
311
295
-108
966
-711
653
193
333
565
-225
-706
504
227
564
441
720
-401
-620
-718
567
-77
913
-481
551
-463
-654
388
-459
-489
-932
986
299
-733
119
14
-120
853
588
-887
435
652
267
466
231
-292
-968
-820
-395
390
444
920
-761
703
167
311
-362
30
523
448
767
380
892
-562
432
79
375
938
801
132
-852
-506
-46
-210
-910
210
439
204
-862
176
-540
-538
-121
935
-161
-307
55
-958
-840
-869
5
-372
413
-267
-733
695
-526
764
-33
-257
-393
151
351
397
-65
-872
-729
613
-21
-321
830
-589
-811
990
-385
-674
333
24
-519
878
56
-82
-172
15
-582
648
246
739
399
383
878
-493
263
-29
-969
883
-771
-344
-286
-308
-104
-718
39
16
775
18
644
-776
-375
-340
-563
-234
-752
461
931
617
-288
204
-346
666
-915
-21
968
-709
-309
741
-794
13
-181
-556
-624
-413
-906
56
677
8
96
-482
-165
681
689
-250
-182
872
701
-232
-861
548
-739
435
-473
528
-503
701
-753
-853
865
425
-220
-179
609
-412
-804
350
494
18
-281
-508
126
-352
-829
-321
447
346
-419
231
-698
-21
-486
851
-5
402
751
-614
-399
-478
-373
171
-337
-872
701
-579
556
140
113
-55
-964
264
86
555
760
-531
582
-598
-215
456
656
-176
60
-889
-84
587
-173
210
248
-673
336
-427
-970
-664
-941
919
-118
847
-445
-883
-13
565
-377
-145
735
170
17
-29
990
-151
739
185
956
853
-156
-749
346
799
-304
-142
992
403
553
853
-561
817
45
842
-694
187
633
641
-137
174
274
-166
-474
-567
-279
321
-648
-910
178
576
-562
-753
-354
451
-345
-443
594
-549
896
-360
-738
-550
749
596
-563
984
-141
466
659
747
-364
-132
-160
-685
530
431
917
-526
-420
-841
-959
690
-924
172
-639
728
-174
983
381
85
-92
169
428
477
-118
760
262
-638
551
-246
572
