1000
633
353
219
-402
632
-172
-509
-820
235
216
342
-261
526
154
317
842
835
-124
-462
-625
198
-88
-809
-804
-139
301
-199
-553
-56
228
37
-748
689
528
933
62
115
-853
570
178
486
-302
544
387
-192
-68
-608
255
-659
241
210
790
-940
4
9
-150
212
462
359
-239
-267
-192
-229
584
-99
26
-720
-142
665
-1
-112
59
167
-466
166
876
-613
345
-463
-2
-467
-150
54
-471
-516
665
658
-586
488
-93
-159
-110
-624
988
-912
-753
356
777
373
-960
-745
-588
-415
-291
321
610
-740
-828
-685
244
804
-919
472
739
-878
-390
584
799
-845
756
-250
619
-657
-165
907
584
75
-794
71
747
-797
-515
60
254
704
-818
1000
892
-87
231
-303
-476
-772
425
228
-223
-499
-116
-667
-690
-378
798
138
458
-92
-509
-630
-412
-295
-635
89
875
-108
150
-938
491
-720
-689
-717
-716
195
975
-459
-770
913
899
-209
982
-739
-639
844
-775
-915
532
-384
-628
-394
841
869
-70
171
716
-476
-926
510
-114
-661
-973
-618
-894
-761
742
-886
361
934
248
903
-487
363
-812
489
962
-830
439
622
844
324
-656
524
754
-596
-424
-563
128
-581
-691
-926
782
-48
871
124
-547
920
-785
-252
-725
955
491
241
-812
-145
-596
-833
-426
362
865
268
-300
-765
322
-312
-822
141
456
-410
-469
-174
-507
-347
-346
15
-134
-530
-691
414
650
220
-300
-397
-93
-30
863
460
-457
-583
-785
508
451
-881
74
524
-825
-815
-913
53
-561
735
-83
850
-426
-674
-524
-526
-961
-440
657
-298
-66
529
593
9
-512
248
469
-849
-447
300
-273
-393
-855
-791
817
173
912
-933
429
-808
543
889
243
-483
-500
180
-795
-469
-724
446
-678
-67
-950
-264
858
243
120
-961
-64
50
-618
-167
173
843
912
643
939
-775
420
-614
126
-302
690
104
-640
887
210
232
-220
-859
-466
198
366
168
-72
-72
443
304
-284
465
-788
183
-84
156
-649
145
639
447
-656
-180
-371
247
55
-412
766
-524
-749
4
608
-466
-886
444
752
-194
-386
-585
-510
-825
-757
297
-732
561
-764
593
165
277
-703
-347
309
-336
988
28
522
658
-774
949
772
-943
-136
-1
642
-818
-863
-578
843
419
-898
-239
710
555
-759
-770
-285
-621
947
394
24
248
-94
410
808
434
-233
-205
21
724
560
807
-388
-110
156
871
-731
272
-203
-794
746
-937
-284
-724
457
-941
-606
287
952
-3
276
-415
-612
174
135
486
-889
721
690
323
56
-547
-12
258
-784
98
22
-301
-590
-223
-940
839
-582
798
413
47
-277
-200
-403
-603
945
-506
144
-685
293
-937
-121
924
174
-361
626
567
-469
967
-560
345
576
671
401
-439
-969
-163
-153
-635
824
-323
-894
-953
-553
848
-202
-309
633
-96
-492
-417
-392
46
183
-206
866
-725
567
632
-562
310
899
129
561
-321
250
-482
9
504
-920
888
842
-178
751
451
-476
-771
-55
230
902
341
-693
494
307
-895
-155
-817
197
672
408
-421
716
-484
243
-338
163
253
508
613
-628
786
-320
399
-580
241
288
241
-45
-935
977
75
762
-240
-511
65
-741
-629
901
134
-947
-135
97
-505
287
725
-598
40
268
-634
79
916
979
-203
657
38
-468
986
-406
504
635
355
807
-775
-883
354
993
-661
-509
-95
-771
717
408
-68
573
-612
-963
-134
412
324
-167
149
946
-512
814
-429
-129
-196
-909
-864
-286
-690
-523
-813
-617
864
923
-904
-303
-535
898
-285
829
-60
-851
978
793
407
984
-868
89
-478
841
619
31
-593
-237
-778
296
-198
-964
795
543
728
499
-370
-321
-70
76
108
610
442
-589
941
588
-57
285
-24
-339
516
24
557
-575
765
161
881
255
725
-191
-260
-155
84
-685
954
985
-198
570
745
599
598
-450
-628
654
-651
-14
-435
436
-213
-306
-934
-840
811
-922
-868
-641
88
767
-57
-469
-523
900
-752
-490
702
867
-282
988
-390
629
602
56
832
284
19
-276
255
-455
700
-670
-529
350
-709
-815
-638
-862
-30
-161
-475
-419
936
886
-215
949
771
-814
-274
614
165
500
-787
-367
244
33
-254
191
-925
794
-805
-973
381
-747
-900
166
703
-316
-753
-892
-841
813
-819
568
886
198
-334
-149
397
803
-757
-505
312
-531
-346
-488
714
-566
418
210
662
-205
291
415
695
-944
761
-910
381
605
-473
918
-276
-850
-892
-394
836
-603
216
633
160
-699
-748
-560
264
-175
-6
-777
135
242
865
-702
762
692
-475
578
-341
775
436
-948
359
-139
254
-492
-265
-141
-642
-278
-153
-578
443
-827
-879
-364
902
-594
-971
525
-653
-295
-503
-674
201
-615
-520
-637
-963
455
-587
-756
265
0
-302
-565
-555
-166
288
853
-17
811
59
-770
452
427
411
765
175
-659
729
-571
-306
-138
940
704
-584
419
885
817
-183
47
-44
463
-744
891
-506
-778
-760
-191
391
-946
97
-258
427
-240
-696
326
12
601
-842
-860
408
-436
202
686
-545
254
650
-678
-970
932
-12
240
-642
363
-504
629
-201
214
682
425
-895
-582
-301
586
-926
960
77
-244
11
-961
-62
786
-891
-166
-174
37
-836
-94
-115
6
-34
647
593
982
-294
874
99
153
-326
271
797
533
552
902
-115
-832
-922
743
-256
-238
460
97
585
210
901
187
