100
4 8 9 7
9 4 6 8
2 7 6 6
6 5 10 9
10 4 9 6
7 6 8 7
8 0 9 6
3 1 9 11
1 8 6 12
10 7 4 5
7 3 8 9
4 7 9 4
5 8 9 11
2 4 6 5
6 6 9 8
9 3 10 2
7 9 10 4
3 8 11 7
10 2 8 9
4 5 9 6
6 0 12 5
9 1 8 11
7 2 6 8
10 4 7 7
8 4 10 8
2 5 7 10
1 10 5 6
3 3 9 6
8 6 8 3
9 8 11 7
4 6 7 10
7 5 8 6
0 3 7 7
6 7 9 11
5 3 10 7
3 5 6 9
1 5 9 7
2 2 5 5
3 4 9 9
4 4 10 8
5 6 7 2
1 1 6 10
3 9 8 3
7 7 8 2
0 0 10 10
2 8 4 3
5 3 8 10
6 4 7 6
1 6 5 9
0 8 10 4
4 3 10 6
6 1 9 9
3 8 7 5
0 5 8 7
2 4 10 8
1 9 3 2
4 8 10 10
5 1 7 6
3 3 6 8
9 4 8 7
4 6 7 8
5 7 10 3
2 6 8 8
5 2 10 9
1 1 7 7
3 8 9 10
4 7 6 3
7 9 10 1
0 2 8 6
5 5 9 8
1 4 7 5
3 3 10 10
2 0 9 4
6 1 8 9
4 8 10 2
0 6 10 8
1 5 9 10
7 4 10 5
2 7 6 8
3 1 8 4
5 9 10 6
4 3 8 5
0 7 9 10
1 9 5 3
3 6 10 7
5 8 6 1
7 2 10 9
1 1 10 10
2 3 7 8
4 5 9 4
3 4 10 2
5 5 8 1
0 3 10 8
2 2 5 9
4 1 8 10
3 7 9 10
6 6 10 5
1 8 7 1
8 6 3 10
0 2 10 3