100
3 4 7 9
6 2 10 6
9 5 4 8
2 9 5 3
6 7 9 4
4 3 8 2
7 9 2 7
8 5 3 9
5 6 10 3
3 6 9 2
4 8 6 3
7 3 9 8
10 4 6 9
5 7 8 6
6 1 10 8
2 7 7 4
3 8 5 10
4 5 9 2
8 2 3 6
9 8 1 5
7 6 5 9
3 2 9 10
2 8 4 6
6 9 7 1
5 5 10 9
4 2 6 7
7 10 2 5
1 3 8 4
9 4 6 8
3 7 5 10
10 6 4 9
2 6 8 5
1 5 7 9
8 3 6 10
9 6 2 7
7 2 4 8
3 5 9 3
2 4 10 8
4 7 5 6
8 6 3 7
7 4 9 6
10 8 6 1
1 4 7 6
6 5 9 3
5 2 10 7
9 7 3 8
2 3 6 9
8 4 5 8
4 8 2 10
3 10 7 5
5 9 8 2
9 2 6 4
7 5 3 8
2 10 8 3
6 6 7 2
9 5 4 9
3 4 7 6
6 8 10 5
8 1 2 9
1 9 4 5
5 10 7 1
9 6 3 7
7 8 2 6
8 5 10 4
3 9 6 2
2 7 9 5
5 6 10 1
4 3 9 7
7 2 6 9
9 1 4 7
3 8 10 4
6 4 2 10
8 9 6 5
7 5 4 9
1 2 10 7
3 10 6 3
9 8 4 6
6 3 7 8
2 5 10 2
8 10 5 4
7 3 9 2
5 8 10 6
9 4 6 7
3 6 7 10
4 9 2 5
6 10 9 3
10 2 7 6
5 10 20 25
15 5 8 18
18 10 12 15
25 8 10 12
8 25 5 10
20 8 10 25
15 10 20 8
12 25 10 15
18 5 10 10
15 12 25 30
10 30 5 15
8 5 15 20
5 10 8 12