98
17 12
16 13
16 13
16 13
17 13
16 11
7 6
6 7
7 6
13 10
9 7
16 13
13 10
18 14
13 10
13 10
15 11
5 5
13 10
14 9
13 10
13 11
16 7
14 9
8 18
11 14
13 11
14 10
9 16
11 13
15 8
11 13
14 9
14 9
8 18
9 17
13 8
12 8
15 10
17 13
13 8
20 19
14 9
11 4
15 11
14 9
13 7
14 9
12 11
15 10
8 12
13 10
12 10
16 10
15 10
13 10
13 11
12 11
14 12
13 11
19 7
13 7
16 7
14 9
10 3
15 11
14 9
13 7
14 9
18 19
14 19
7 18
8 18
15 19
9 13
13 15
12 15
10 14
13 10
13 12
13 9
13 11
15 9
14 9
14 10
12 15
11 13
11 13
14 19
17 10
14 7
15 8
17 11
11 13
14 9
7 17
8 17
7 17

Tiempo de ejecución: 0.00000000000 segundos
