129
4 6
4 6
3 5
5 7
4 6
5 7
3 5
5 7
4 6
8 10
5 7
5 5
5 5
6 6
3 4
4 5
4 7
4 6
6 3
4 5
4 5
5 5
4 6
7 3
6 3
5 5
6 3
6 4
5 5
5 5
7 3
6 4
5 5
6 4
5 6
7 3
5 6
7 5
5 6
5 6
6 5
4 6
8 4
3 7
8 4
7 5
5 6
6 5
3 7
2 7
4 6
7 5
6 7
4 6
5 6
6 6
8 8
3 5
6 7
4 6
7 7
7 7
8 6
8 6
8 5
6 3
6 3
9 7
7 4
4 5
5 6
8 8
6 6
4 5
4 5
6 7
7 8
7 7
3 4
5 6
7 10
5 7
4 5
5 7
4 6
5 7
7 6
7 6
7 6
7 6
8 6
7 6
7 6
6 6
3 6
4 6
7 6
8 5
8 4
8 7
8 7
8 7
4 8
3 7
3 7
4 8
7 6
6 6
3 8
5 7
4 7
7 6
5 7
5 1
7 3
7 7
6 4
7 7
7 7
7 7
4 5
7 7
7 7
8 7
3 7
4 7
7 7
6 7
7 7

Tiempo de ejecución: 0.00000000000 segundos
