2721
2 3
1 2
1 2
2 3
2 3
3 4
2 3
2 3
3 4
2 3
2 3
4 5
3 4
3 4
4 5
3 4
4 5
5 6
4 5
4 5
4 5
5 6
5 6
5 6
4 5
4 5
4 5
4 5
6 7
5 6
5 6
5 6
5 6
5 6
6 7
5 6
5 6
5 6
5 6
6 7
6 7
5 6
6 7
5 6
7 8
6 7
6 7
6 7
6 7
7 8
6 7
6 7
6 7
8 9
7 8
7 8
7 8
8 9
7 8
7 8
7 8
7 8
7 8
7 8
9 10
8 9
8 9
8 9
9 10
8 9
9 10
9 10
9 10
9 10
8 9
9 10
8 9
8 9
9 10
9 1
9 2
9 3
9 4
9 5
9 6
9 7
9 8
9 10
9 9
9 10
9 8
9 10
9 8
9 10
9 8
9 10
9 9
9 8
9 8
9 10
9 6
9 9
9 9
9 8
9 3
9 5
9 6
10 1
9 2
9 8
9 10
9 3
9 8
2 4
1 3
1 3
1 3
1 3
2 4
2 4
3 5
2 4
2 4
3 5
2 4
2 4
3 5
2 4
4 6
3 5
3 5
4 6
3 5
4 6
3 5
3 5
4 6
3 5
3 5
5 7
4 6
4 6
5 7
4 6
4 6
5 7
4 6
4 6
5 7
5 7
4 6
4 6
5 7
4 6
4 6
4 6
4 6
4 6
5 7
6 8
5 7
5 7
6 8
5 7
6 8
5 7
6 8
5 7
5 7
6 8
5 7
5 7
5 7
5 7
6 8
5 7
5 7
7 9
6 8
6 8
7 9
6 8
7 9
6 8
7 9
6 8
7 9
6 8
7 9
6 8
6 8
6 8
7 9
6 8
6 8
6 8
6 8
6 8
7 9
8 10
7 9
7 9
8 10
7 9
8 10
7 9
8 10
7 9
8 10
7 9
8 10
7 9
8 10
7 9
7 9
7 9
8 10
8 10
7 9
7 9
8 10
7 9
8 10
8 10
8 10
7 9
8 10
8 10
7 9
9 1
8 1
8 2
8 3
8 4
8 5
8 6
8 7
8 10
9 1
8 10
9 1
8 10
9 1
8 10
9 1
8 10
9 1
8 10
9 1
8 10
9 1
8 10
8 5
8 10
8 8
8 6
8 8
8 8
8 9
8 10
8 8
8 8
8 10
8 10
8 5
8 10
8 9
8 9
8 6
8 10
8 3
8 6
8 2
8 6
8 7
8 5
8 1
8 10
8 2
8 8
8 5
8 4
8 6
8 7
9 1
9 1
9 1
9 1
9 1
9 1
9 1
9 1
9 1
10 2
2 5
1 4
1 4
1 4
2 5
2 5
3 6
2 5
2 5
2 5
2 5
3 6
3 6
2 5
3 6
2 5
4 7
3 6
3 6
3 6
3 6
3 6
3 6
4 7
4 7
3 6
3 6
5 8
4 7
4 7
4 7
4 7
4 7
4 7
4 7
4 7
5 8
5 8
5 8
5 8
5 8
5 8
5 8
4 7
4 7
4 7
6 9
5 8
5 8
5 8
5 8
5 8
5 8
5 8
5 8
5 8
6 9
6 9
5 8
5 8
5 8
5 8
5 8
6 9
5 8
5 8
7 10
6 9
6 9
6 9
6 9
6 9
6 9
6 9
6 9
6 9
7 10
7 10
7 10
6 9
6 9
6 9
7 10
6 9
6 9
7 10
8 1
7 1
7 2
7 3
7 4
7 5
7 6
7 9
7 2
7 9
7 2
7 9
7 2
7 9
7 3
7 9
7 4
7 9
7 5
7 9
7 10
7 10
8 1
7 10
7 9
7 8
7 8
7 9
7 9
7 8
7 10
7 8
7 9
7 3
7 7
7 6
7 3
7 6
7 3
7 6
7 10
7 5
7 2
7 9
7 3
7 8
8 1
7 5
7 2
7 6
7 6
9 2
8 1
8 1
8 1
8 1
8 1
8 1
8 1
8 1
8 1
9 2
8 1
8 1
9 2
9 2
10 3
2 6
1 5
1 5
2 6
3 7
2 6
2 6
2 6
3 7
2 6
2 6
4 8
3 7
3 7
3 7
3 7
3 7
3 7
4 8
4 8
3 7
3 7
3 7
5 9
4 8
4 8
4 8
4 8
4 8
4 8
4 8
5 9
4 8
5 9
4 8
6 10
5 9
5 9
5 9
5 9
5 9
5 9
5 9
6 10
6 10
5 9
5 9
5 9
5 9
6 10
5 9
5 9
7 1
6 1
6 2
6 3
6 4
6 5
6 8
6 9
6 3
6 8
6 9
6 4
6 8
6 9
6 4
6 8
6 9
6 5
6 8
6 9
6 7
6 8
6 9
6 10
6 8
6 10
6 9
6 8
6 8
6 9
6 9
6 8
6 10
6 8
6 9
6 2
6 6
6 5
6 4
6 6
6 4
6 4
6 8
6 5
6 3
6 8
6 5
6 3
6 8
6 5
6 6
6 3
6 7
6 6
6 4
8 2
8 2
9 3
8 2
8 2
8 2
8 2
8 2
8 2
8 2
8 2
8 2
8 2
8 2
8 2
8 2
8 2
10 4
9 3
2 7
1 6
1 6
2 7
1 6
1 6
3 8
2 7
2 7
2 7
2 7
3 8
2 7
2 7
4 9
3 8
3 8
3 8
3 8
3 8
3 8
4 9
3 8
3 8
5 10
4 9
4 9
4 9
4 9
4 9
4 9
5 10
5 10
5 10
5 10
5 10
5 10
5 10
5 10
6 1
5 1
5 2
5 3
5 4
5 7
5 8
5 9
5 4
5 7
5 8
5 9
5 5
5 7
5 8
5 9
5 6
5 7
5 8
5 9
5 7
5 7
5 8
5 9
5 10
5 7
5 10
5 10
5 8
5 8
5 8
5 10
5 10
5 10
5 8
5 10
5 8
5 10
5 2
5 6
5 7
5 4
5 6
5 6
5 5
5 7
5 5
5 4
5 7
5 8
5 4
5 6
5 8
5 5
5 5
5 5
5 6
5 3
7 2
8 3
7 2
7 2
7 2
7 2
8 3
7 2
7 2
9 4
8 3
8 3
8 3
8 3
8 3
8 3
8 3
8 3
8 3
8 3
9 4
10 5
10 5
10 5
10 5
10 5
10 5
10 5
10 5
10 5
10 5
9 4
2 8
1 7
1 7
2 8
1 7
1 7
2 8
1 7
3 9
2 8
2 8
2 8
2 8
2 8
3 9
2 8
2 8
3 9
4 10
3 9
3 9
3 9
3 9
3 9
4 10
3 9
5 1
4 1
4 2
4 3
4 6
4 7
4 8
4 9
4 6
4 6
4 7
4 8
4 9
4 7
4 6
4 7
4 8
4 9
4 8
4 6
4 7
4 8
4 9
4 10
4 6
4 5
4 6
4 3
4 7
4 6
4 6
4 5
4 4
4 7
4 5
4 4
4 8
4 4
4 7
4 7
4 2
6 2
7 3
6 2
8 4
7 3
7 3
7 3
7 3
7 3
8 4
7 3
7 3
7 3
7 3
7 3
9 5
8 4
8 4
8 4
8 4
9 5
8 4
8 4
9 5
9 5
9 5
9 5
9 5
9 5
9 5
2 9
1 8
1 8
1 8
2 9
1 8
1 8
3 10
2 9
2 9
2 9
2 9
3 10
4 1
3 1
3 2
3 5
3 6
3 7
3 8
3 9
3 7
3 5
3 6
3 7
3 8
3 9
3 8
3 5
3 6
3 7
3 8
3 9
3 10
3 5
3 5
3 4
3 2
3 7
3 5
3 5
3 6
3 5
3 8
3 4
3 8
3 7
4 1
5 2
5 2
4 1
6 3
5 2
7 4
6 3
6 3
7 4
6 3
6 3
7 4
6 3
6 3
8 5
7 4
7 4
7 4
7 4
8 5
8 5
8 5
7 4
8 5
7 4
8 5
9 6
8 5
8 5
8 5
8 5
8 5
8 5
8 5
8 5
8 5
8 5
9 6
9 6
9 6
9 6
9 6
9 6
10 7
9 6
2 10
1 9
1 9
1 9
2 10
1 9
3 1
2 1
2 4
2 5
2 6
2 7
2 8
2 9
2 8
2 4
2 5
2 6
2 7
2 8
2 9
2 10
2 4
2 4
2 3
3 1
2 7
2 3
2 6
2 6
2 8
2 3
2 7
4 2
3 1
5 3
6 4
6 4
5 3
6 4
7 5
6 4
6 4
6 4
6 4
6 4
6 4
6 4
7 5
6 4
6 4
6 4
6 4
8 6
7 5
7 5
7 5
7 5
7 5
9 7
8 6
8 6
8 6
8 6
8 6
8 6
8 6
8 6
10 8
10 8
9 7
9 7
10 8
9 7
10 8
9 7
10 8
10 8
9 7
10 8
2 1
1 3
1 4
1 5
1 6
1 7
1 8
1 9
1 10
1 3
1 1
1 8
1 7
1 6
1 3
1 7
3 2
4 3
5 4
6 5
5 4
5 4
5 4
6 5
5 4
5 4
5 4
7 6
6 5
6 5
6 5
7 6
6 5
6 5
6 5
7 6
7 6
8 7
7 6
7 6
7 6
7 6
7 6
7 6
7 6
7 6
7 6
8 7
9 8
8 7
8 7
8 7
8 7
8 7
9 8
9 8
9 8
9 8
9 8
9 8
9 8
9 8
9 8
9 8
9 8
9 8
9 8
9 8
9 8
10 9
1 3
1 2
1 3
2 4
2 4
1 4
3 5
2 4
3 5
4 6
4 6
3 5
4 6
3 5
3 5
3 6
5 7
4 6
5 7
5 7
5 7
4 6
5 7
4 6
4 6
3 6
4 6
2 6
3 6
2 6
4 6
5 7
3 7
6 8
3 7
6 8
4 7
6 8
5 7
6 8
5 7
5 7
6 8
5 7
4 7
2 7
5 7
1 7
5 7
5 7
1 7
4 7
3 7
2 8
7 9
3 8
7 9
4 8
7 9
4 8
7 9
5 8
7 9
6 8
6 8
7 9
5 8
5 8
1 8
6 8
6 8
5 8
3 8
7 9
1 8
1 9
8 10
2 9
8 10
3 9
8 10
4 9
8 10
5 9
8 10
6 9
8 10
7 9
7 9
8 10
8 10
5 9
5 9
6 9
8 10
5 9
8 10
8 10
8 10
6 9
8 10
1 9
6 9
8 10
3 6
3 7
2 8
9 1
4 6
3 7
9 1
4 6
9 1
9 1
9 1
9 1
9 1
8 2
7 2
4 5
4 6
5 4
4 5
6 4
4 6
5 5
7 2
3 6
6 4
5 5
2 8
5 5
8 2
7 2
5 5
3 7
6 4
2 3
1 3
2 4
3 5
2 4
2 5
4 6
3 5
4 6
3 5
3 5
4 6
5 7
5 7
5 7
4 6
5 7
4 6
4 6
3 6
4 6
2 6
3 6
2 6
4 6
5 7
3 7
6 8
4 7
6 8
5 7
6 8
5 7
5 7
6 8
5 7
4 7
3 7
5 7
5 7
5 7
4 7
3 7
3 8
7 9
4 8
7 9
4 8
7 9
5 8
7 9
6 8
6 8
7 9
5 8
5 8
2 8
6 8
6 8
5 8
2 8
3 8
7 9
2 9
8 10
3 9
8 10
4 9
8 10
5 9
8 10
6 9
8 10
7 9
7 9
8 10
8 10
5 9
5 9
6 9
8 10
5 9
8 10
8 10
8 10
6 9
8 10
6 9
8 10
4 6
4 7
3 8
9 1
4 6
4 7
9 1
9 1
9 1
9 1
9 1
8 2
7 2
5 6
4 6
6 4
5 6
6 4
6 4
4 6
5 5
7 2
4 7
6 3
5 5
3 8
5 5
8 2
5 5
5 5
4 7
6 4
2 4
2 4
3 5
4 6
3 5
3 5
5 7
3 6
5 7
4 6
5 7
4 6
4 6
3 6
4 6
3 6
4 6
5 7
4 7
6 8
5 7
6 8
5 7
5 7
6 8
5 7
4 7
3 7
5 7
5 7
5 7
4 7
3 7
4 8
7 9
4 8
7 9
5 8
7 9
6 8
6 8
7 9
5 8
5 8
6 8
6 8
5 8
4 8
3 8
7 9
3 9
8 10
4 9
8 10
5 9
8 10
6 9
8 10
7 9
7 9
8 10
8 10
6 9
5 9
6 9
8 10
6 9
8 10
8 10
8 10
7 9
8 10
6 9
8 10
3 9
5 7
4 7
4 8
9 1
5 7
9 1
9 1
9 1
9 1
8 2
7 3
5 6
4 7
6 5
5 6
5 6
7 3
6 4
4 7
6 5
8 2
4 7
7 4
7 3
5 6
4 8
6 5
8 2
5 6
5 7
6 4
3 5
3 5
3 5
4 5
3 5
3 6
3 5
4 6
5 7
4 6
4 6
4 6
4 6
4 6
5 7
5 7
4 7
6 8
5 7
5 7
6 8
5 7
4 7
5 7
4 7
5 7
4 7
4 7
4 8
7 9
5 8
7 9
6 8
6 8
7 9
5 8
5 8
4 8
6 8
6 8
5 8
5 8
7 9
4 9
8 10
5 9
8 10
6 9
8 10
7 9
7 9
8 10
8 10
6 9
5 9
6 9
8 10
6 9
8 10
8 10
8 10
7 9
8 10
6 9
8 10
5 7
5 8
9 1
5 7
9 1
9 1
9 1
8 2
5 8
5 8
5 8
5 8
5 8
7 3
5 6
5 7
6 5
7 4
6 6
7 3
6 5
5 7
6 5
8 2
5 7
6 6
7 3
5 6
4 8
6 5
8 2
5 6
5 6
6 5
5 6
4 6
5 6
4 6
4 6
5 7
5 7
6 8
5 7
5 7
5 8
5 8
7 9
6 8
6 8
7 9
5 8
5 8
5 8
5 8
5 8
5 8
5 8
6 8
5 8
6 8
7 9
5 9
8 10
6 9
8 10
7 9
7 9
8 10
8 10
6 9
5 9
7 9
8 10
6 9
8 10
8 10
8 10
7 9
8 10
6 9
8 10
5 9
9 1
9 1
9 1
8 2
5 10
5 10
5 8
5 9
5 8
5 10
5 10
5 10
5 8
5 10
5 8
5 10
8 3
6 6
5 8
6 5
8 3
6 6
6 5
5 8
7 5
8 2
5 8
8 3
5 8
6 5
8 2
6 6
6 7
6 6
7 5
5 8
5 8
5 8
5 8
5 8
5 7
5 7
5 7
5 7
6 7
6 7
6 7
6 8
6 8
7 9
6 8
6 8
6 8
6 8
6 8
7 9
6 9
6 9
8 10
7 9
7 9
8 10
8 10
6 9
7 9
8 10
6 9
8 10
8 10
8 10
7 9
8 10
6 9
6 9
8 10
6 8
9 1
9 1
8 3
6 10
6 9
6 8
6 8
6 9
6 9
6 8
6 10
6 8
6 9
8 3
6 7
7 7
8 2
7 6
7 6
6 9
7 5
8 1
6 8
8 2
6 8
8 3
7 5
6 8
7 6
7 6
6 8
6 8
6 8
6 8
6 9
6 8
6 8
6 8
6 8
7 9
7 9
8 10
8 10
7 9
7 9
8 10
7 9
8 10
8 10
8 10
7 9
8 10
8 10
7 9
7 10
9 1
8 4
7 10
7 9
8 5
7 8
7 8
7 9
7 9
7 8
7 10
8 5
7 8
7 9
8 5
8 3
7 7
7 6
8 2
7 6
7 6
7 10
8 5
8 1
7 9
8 2
7 8
8 4
8 4
7 6
7 6
7 10
7 9
7 10
7 9
7 9
7 10
7 9
8 5
8 10
8 8
8 6
8 8
8 8
8 9
8 10
8 8
8 8
8 10
8 10
8 5
8 10
8 9
8 9
8 6
8 10
8 3
8 6
8 2
8 6
8 7
8 5
8 1
8 10
8 2
8 8
8 5
8 4
8 6
8 7
8 9
9 10
8 8
9 10
8 8
9 10
8 8
9 10
8 9
8 8
8 8
9 10
8 5
8 9
8 9
8 6
8 3
8 5
8 2
8 6
8 8
8 5
8 2
8 2
8 8
8 1
8 4
8 6
8 8
8 10
5 15
10 8
5 15
8 9
9 8
6 12
9 9
9 8
9 9
8 9
10 8
5 15
9 8
10 8
6 13
9 8
7 11
5 15
9 8
10 8
5 15
10 8
8 10
5 15
9 8
5 15
8 9
5 15
10 8
8 9
9 8
5 15
8 10
9 8
8 9
9 8
5 10
9 10
20 10
5 10
15 10
9 10
11 10
9 10
5 10
13 10
9 10
8 10
9 10
15 10
5 10
15 10
5 10
10 10
20 10
8 10
9 10
9 10
15 10
9 10
5 10
15 10
8 10
10 10
9 10
20 10
10 10
19 10
10 10
10 10
5 10
15 10
10 10
20 10
8 10
18 10
7 10
8 10
9 10
10 10
5 15
5 17
5 15
6 18
8 25
6 19
5 15
8 25
5 17
5 15
5 17
5 15
8 25
5 15
5 15
5 18
5 15
6 19
8 8
8 8
5 9
9 8
9 8
9 8
5 10
10 8
9 8
10 8
5 10
8 8
9 8
10 8
10 8
5 10
9 8
7 9
10 8
5 10
9 8
8 8
6 9
7 9
8 8
8 8
8 8
9 13
6 14
8 14
25 10
12 13
8 14
13 13
7 14
5 15
9 13
6 14
7 14
5 15
9 13
7 14
5 15
7 14
25 10
5 15
9 13
5 15
5 15
7 14
8 14
11 13
5 15
9 13
14 12
8 8
9 10
8 8
9 10
8 9
9 10
10 15
9 11
8 8
8 8
9 11
9 10
9 12
9 10
9 10
8 5
9 11
9 13
8 9
9 13
9 11
9 11
8 9
10 15
8 5
9 13
10 15
8 6
8 6
8 8
8 5
8 8
9 10
8 5
8 6
8 7
5 8
14 9
9 8
5 8
11 8
9 8
12 9
13 9
9 8
9 8
16 9
8 8
16 9
11 8
20 10
9 8
9 8
9 8
20 10
13 9
12 8
9 8
20 10
5 8
19 9
13 9
15 9
9 8
20 10
5 8
8 8
5 8
5 8
5 8
8 8
6 8
9 8
5 8
5 9
10 25
7 15
6 12
7 17
8 19
5 9
5 8
7 14
7 17
8 19
7 15
6 14
7 15
5 10
6 12
8 19
6 14
5 8
6 14
7 15
5 9
6 14
7 17
5 8
5 8
10 5
13 8
10 5
10 5
13 8
14 9
10 5
15 10
15 10
12 7
14 9
10 5
10 5
15 10
15 10
15 10
13 8
10 5
11 6
14 9
15 10
10 5
10 5
9 8
10 5
10 5
9 9
8 10
10 5
9 8
9 8
10 5
10 5
8 10
8 13
8 10
9 10
9 6
10 5
8 13
9 9
8 13
8 13
8 15
9 9
9 8
8 13
8 11
10 5
10 5
9 6
9 8
9 10
9 8
11 8
9 8
13 8
14 8
9 8
9 8
17 9
9 8
16 9
11 8
5 8
9 8
9 8
9 8
25 10
13 8
12 8
9 8
5 8
20 9
15 9
15 9
9 8
5 8
8 8
5 8
5 8
5 8
8 8
6 8
8 8
10 5
11 9
12 13
10 5
11 8
11 8
10 5
10 5
12 11
11 10
10 6
11 9
10 5
12 12
12 12
10 7
11 9
12 12
12 12
10 5
12 13
10 5
9 9
8 10
10 5
9 8
9 8
10 5
10 5
8 10
8 13
8 10
9 10
9 6
10 5
8 13
9 9
8 13
8 13
8 15
9 9
9 8
8 13
8 11
10 5
10 5
9 6
9 8
9 10
9 8
14 8
9 9
9 9
20 8
5 10
18 8
5 10
10 9
12 9
9 9
9 9
9 9
5 10
13 8
11 9
9 9
8 9
5 10
16 8
9 9
6 9
7 9
8 9
9 9
15 5
13 9
14 7
13 10
13 10
13 9
14 7
13 12
13 12
15 5
13 9
13 11
13 12
15 5
12 14
5 20
9 8
10 8
6 15
9 8
6 15
6 16
9 8
5 20
7 13
10 8
9 10
9 8
7 14
9 9
7 14
5 20
10 8
9 9
9 8
7 14
8 11
5 20
9 8
9 9
6 13
8 10
5 15
5 15
8 10
8 10
5 15
5 15
5 15
8 10
8 10
8 16
7 17
6 18
7 17
8 16
5 20
5 20
8 16
5 20
10 15
10 15
5 20
9 8
9 8
8 18
10 5
8 25
9 8
9 12
9 8
9 10
9 6
10 5
9 13
9 9
9 13
9 11
9 11
9 9
9 9
9 13
9 13
10 5
8 17
10 5
9 6
9 8
9 9
15 10
16 9
15 10
15 10
15 10
18 8
15 10
5 10
8 8
9 8
10 8
10 8
5 10
9 8
7 9
10 8
5 10
9 8
8 8
6 9
7 9
8 8
8 8
8 8
16 9
15 10
15 10
15 10
17 8
15 10
25 5
6 16
7 17
6 15
6 14
6 15
5 10
6 13
6 14
6 14
6 16
5 10
6 14
7 18
11 8
13 6
10 10
12 7
10 10
10 10
10 10
15 5
10 10
10 9
10 10
15 5
10 10
9 8
9 8
9 8
20 10
13 9
12 8
9 8
20 10
5 8
19 9
13 9
15 9
9 8
20 10
5 8
8 8
5 8
5 8
5 8
8 8
6 8
9 8
6 16
6 15
7 13
6 15
8 10
8 10
7 14
7 14
6 16
7 14
8 10
6 19
8 10
8 18
6 16
5 15
6 16
5 15
8 18
5 15
5 15
6 16
5 15
7 17
10 5
14 7
10 5
12 6
10 5
10 5
9 8
9 12
9 8
9 10
9 6
10 5
9 13
9 9
9 13
9 11
9 11
9 9
9 9
9 13
9 13
10 5
8 17
10 5
9 6
9 8
9 9
7 13
10 8
9 10
9 8
7 14
9 9
7 14
5 20
10 8
9 9
9 8
7 14
8 11
5 20
9 8
9 9
7 13
15 10
15 10
5 15
9 12
5 15
5 15
8 13
8 13
15 10
5 15
9 12
9 10
9 8
7 14
9 9
7 14
5 20
10 8
9 9
9 8
7 14
8 11
5 20
9 8
9 9
15 10
8 10
10 10
9 10
20 10
10 10
19 10
10 10
10 10
5 10
15 10
10 10
20 10
8 10
18 10
7 10
8 10
9 10
10 10
12 8
9 6
11 7
13 9
15 10
8 5
8 5
8 5
8 5
8 5
5 15
5 15
5 15
8 10
8 10
10 10
10 10
10 10
11 9
20 5
10 10
20 5
10 10
9 13
9 9
9 13
9 11
9 11
9 9
9 9
9 13
9 13
10 5
8 17
10 5
9 6
9 8
9 9
5 15
8 14
8 13
12 12
5 15
9 13
16 11
10 10
10 10
9 9
10 10
5 8
5 8
6 8
5 8
6 8
8 9
6 8
10 10
8 13
8 13
25 8
12 12
5 15
9 13
16 10
10 10
10 10
8 14
8 12
5 20
10 10
15 5
10 10
8 13
9 12
10 10
16 8
9 9
6 9
7 9
8 9
9 9
12 12
10 15
20 5
8 6
8 6
8 5
9 8
8 6
8 5
8 6
10 10
9 13
16 11
8 10
10 5
8 3
7 3
7 2
7 3
8 3
9 3
7 2
3 5
5 6
5 6
4 5
3 4
3 5
5 6
4 5
5 6
6 6
5 6
5 6
6 6
7 6
7 6
8 5
8 6
7 6
4 6
4 6
5 7
3 5
5 7
5 7
3 5
5 8
3 3
4 6
4 7
6 5
5 4
6 5
5 4
6 5
5 4
7 6
7 6
6 4
5 6
6 4
4 6
6 5
4 7
6 4
8 3
5 6
6 5
8 2
5 6
4 7
6 4
7 6
6 6
5 6
8 6
6 6
5 6
5 6
7 6
7 6
6 4
4 6
5 5
3 6
7 3
5 5
2 8
5 5
6 4
5 5
2 7
6 4
6 5
6 5
6 4
8 8
8 8
7 5
6 4
7 6
6 4
3 5
5 8
5 7
3 5
5 8
2 3
4 6
4 7
4 5
6 5
4 5
4 5
5 5
8 5
8 5
5 5
5 5
6 5
3 5
4 4
4 4
8 2
7 2
5 3
5 7
6 8
4 7
4 7
5 6
5 8
6 5
5 6
5 6
6 4
4 4
4 4
8 2
6 3
6 4
4 4
6 7
5 5
6 7
5 6
8 8
3 8
6 8
9 8
7 6
5 5
8 4
8 6
8 8
6 7
6 6
7 5
5 5
4 7
6 4
5 6
7 6

Tiempo de ejecución: 0.00200000000 segundos
