1935
2 3
3 4
1 2
2 3
2 3
1 2
1 2
2 3
3 4
1 2
2 3
3 4
1 2
2 3
3 4
4 5
2 3
2 3
3 4
2 3
2 3
3 4
4 5
3 4
2 3
3 4
4 5
2 3
2 3
3 4
4 5
5 6
3 4
4 5
3 4
4 5
3 4
4 5
5 6
3 4
4 5
3 4
4 5
5 6
3 4
3 4
5 6
6 7
4 5
5 6
4 5
4 5
5 6
5 6
4 5
5 6
5 6
6 7
4 5
5 6
4 5
5 6
6 7
4 5
6 7
7 8
5 6
6 7
5 6
5 6
5 6
5 6
5 6
6 7
6 7
6 7
7 8
5 6
6 7
5 6
6 7
7 8
5 6
6 7
7 8
7 8
8 9
6 7
7 8
6 7
6 7
6 7
6 7
7 8
7 8
8 9
6 7
7 8
6 7
7 8
8 9
6 7
6 7
7 8
8 9
8 9
9 10
8 9
7 8
7 8
7 8
8 9
8 9
9 10
7 8
8 9
7 8
8 9
9 10
8 9
9 10
8 9
8 9
9 10
8 9
7 8
8 9
8 9
10 1
8 8
9 1
9 2
9 3
9 4
9 5
9 5
8 5
8 6
8 7
8 9
8 8
8 6
8 9
8 9
8 9
8 9
10 1
8 8
9 1
9 2
8 9
2 3
8 9
7 8
6 7
5 6
4 5
3 4
2 3
1 2
1 2
4 5
2 3
5 6
3 4
5 6
4 5
5 6
5 6
6 7
6 7
6 7
7 8
7 8
8 9
8 9
9 10
1 2
2 3
3 4
4 5
5 6
6 7
7 8
8 9
9 10
2 3
8 9
6 7
9 10
8 9
8 9
9 10
8 9
3 4
7 8
8 9
8 1
9 1
7 1
8 1
6 1
7 1
5 2
6 1
4 2
6 2
6 2
3 2
5 2
2 2
4 2
3 2
8 1
2 3
8 1
8 1
8 1
8 1
8 1
8 1
8 1
8 1
2 3
2 3
10 1
2 3
10 1
8 1
9 1
2 4
1 3
1 3
1 3
1 3
2 4
1 3
2 4
3 5
2 4
2 4
3 5
2 4
2 4
3 5
2 4
2 4
3 5
2 4
4 6
3 5
3 5
4 6
3 5
4 6
3 5
3 5
4 6
3 5
3 5
4 6
5 7
4 6
4 6
5 7
4 6
4 6
5 7
4 6
4 6
5 7
5 7
4 6
4 6
5 7
4 6
4 6
5 7
6 8
5 7
5 7
6 8
5 7
6 8
5 7
6 8
5 7
5 7
6 8
5 7
5 7
5 7
5 7
6 8
5 7
5 7
6 8
7 9
6 8
6 8
7 9
6 8
7 9
6 8
7 9
6 8
7 9
6 8
7 9
6 8
6 8
6 8
7 9
6 8
6 8
7 9
8 10
7 9
7 9
8 10
7 9
8 10
7 9
8 10
7 9
8 10
7 9
8 10
7 9
8 10
7 9
7 9
7 9
8 10
7 9
7 9
8 10
8 10
8 10
8 10
8 10
9 1
8 1
8 2
8 3
8 4
8 5
8 6
8 7
8 10
9 1
8 10
9 1
8 10
9 1
8 10
9 1
8 10
9 1
8 10
9 1
8 10
9 1
8 10
8 5
8 9
8 8
8 9
8 1
8 10
8 10
9 1
8 9
8 10
8 10
8 10
8 2
8 10
8 2
9 1
9 1
9 1
9 1
9 1
9 1
9 1
9 1
9 1
9 1
9 1
9 1
10 2
2 5
1 4
1 4
1 4
2 5
2 5
2 5
3 6
2 5
2 5
2 5
2 5
3 6
3 6
2 5
4 7
3 6
3 6
3 6
3 6
3 6
3 6
4 7
4 7
5 8
4 7
4 7
4 7
4 7
4 7
4 7
4 7
4 7
5 8
5 8
5 8
5 8
6 9
5 8
5 8
5 8
5 8
5 8
5 8
5 8
5 8
5 8
6 9
6 9
5 8
5 8
7 10
6 9
6 9
6 9
6 9
6 9
6 9
6 9
6 9
6 9
7 10
7 10
8 1
7 1
7 2
7 3
7 4
7 5
7 6
7 9
7 2
7 9
7 2
7 9
7 2
7 9
7 3
7 9
7 4
7 9
7 5
7 9
7 10
7 10
8 1
7 8
7 8
7 8
7 1
7 9
7 8
7 9
7 2
7 8
7 2
7 7
9 2
8 1
8 1
8 1
8 1
8 1
8 1
8 1
8 1
8 1
8 1
8 1
9 2
9 2
9 2
9 2
2 6
1 5
1 5
2 6
3 7
2 6
2 6
2 6
3 7
4 8
3 7
3 7
3 7
3 7
3 7
3 7
4 8
5 9
4 8
4 8
4 8
4 8
4 8
4 8
4 8
5 9
6 10
5 9
5 9
5 9
5 9
5 9
5 9
5 9
6 10
7 1
6 1
6 2
6 3
6 4
6 5
6 8
6 9
6 3
6 8
6 9
6 4
6 8
6 9
6 4
6 8
6 9
6 5
6 8
6 9
6 7
6 8
6 9
6 10
6 8
6 7
6 7
6 7
6 1
6 8
6 7
6 8
6 9
6 3
6 6
6 5
8 2
7 1
9 3
8 2
8 2
8 2
8 2
8 2
8 2
8 2
8 2
8 2
8 2
8 2
8 2
9 3
2 7
1 6
1 6
2 7
3 8
2 7
2 7
2 7
2 7
3 8
4 9
3 8
3 8
3 8
3 8
3 8
3 8
4 9
5 10
4 9
4 9
4 9
4 9
4 9
4 9
5 10
5 10
5 10
5 10
6 1
5 1
5 2
5 3
5 4
5 7
5 8
5 9
5 4
5 7
5 8
5 9
5 5
5 7
5 8
5 9
5 6
5 7
5 8
5 9
5 7
5 7
5 8
5 9
5 10
5 7
5 6
5 6
5 6
5 2
5 7
5 5
5 8
5 10
5 10
5 8
5 10
5 3
5 5
7 2
6 1
8 3
7 2
7 2
7 2
7 2
7 2
7 2
9 4
8 3
8 3
8 3
8 3
8 3
8 3
9 4
10 5
10 5
2 8
1 7
1 7
2 8
3 9
2 8
2 8
2 8
2 8
2 8
3 9
4 10
3 9
3 9
3 9
3 9
3 9
4 10
5 1
4 1
4 2
4 3
4 6
4 7
4 8
4 9
4 6
4 6
4 7
4 8
4 9
4 7
4 6
4 7
4 8
4 9
4 8
4 6
4 7
4 8
4 9
4 10
4 6
4 5
4 5
4 5
4 2
4 6
4 4
6 2
6 2
7 3
6 2
7 3
8 4
7 3
7 3
7 3
7 3
7 3
8 4
7 3
7 3
9 5
8 4
8 4
8 4
8 4
9 5
8 4
9 5
9 5
9 5
2 9
1 8
1 8
1 8
2 9
3 10
2 9
2 9
2 9
2 9
3 10
4 1
3 1
3 2
3 5
3 6
3 7
3 8
3 9
3 7
3 5
3 6
3 7
3 8
3 9
3 8
3 5
3 6
3 7
3 8
3 9
3 10
3 5
3 4
3 4
3 4
3 2
3 5
3 4
5 2
6 3
5 2
7 4
6 3
6 3
7 4
6 3
8 5
7 4
7 4
7 4
7 4
9 6
8 5
8 5
8 5
8 5
8 5
9 6
9 6
2 10
1 9
1 9
1 9
2 10
3 1
2 1
2 4
2 5
2 6
2 7
2 8
2 9
2 8
2 4
2 5
2 6
2 7
2 8
2 9
2 10
2 4
2 3
2 3
2 3
2 2
2 4
2 4
4 2
5 3
4 2
6 4
5 3
7 5
6 4
6 4
6 4
6 4
8 6
7 5
7 5
7 5
9 7
8 6
8 6
8 6
8 6
10 8
10 8
9 7
10 8
10 8
9 7
10 8
2 1
1 3
1 4
1 5
1 6
1 7
1 8
1 9
1 10
1 3
1 2
1 2
1 3
3 2
4 3
3 2
5 4
4 3
5 4
6 5
5 4
5 4
5 4
6 5
7 6
6 5
6 5
6 5
6 5
8 7
7 6
7 6
9 8
8 7
8 7
8 7
8 7
9 8
9 8
9 8
9 8
1 3
1 2
1 2
1 3
1 3
2 4
1 3
2 4
1 4
3 5
2 4
3 5
3 5
3 5
2 4
4 6
4 6
3 5
4 6
4 6
4 6
3 6
5 7
4 6
5 7
5 7
5 7
4 6
5 7
5 7
5 7
3 7
6 8
3 7
6 8
4 7
6 8
5 7
6 8
5 7
5 7
6 8
6 8
6 8
2 8
7 9
3 8
7 9
4 8
7 9
4 8
7 9
5 8
7 9
6 8
6 8
7 9
7 9
7 9
6 8
5 8
1 9
8 10
2 9
8 10
3 9
8 10
4 9
8 10
5 9
8 10
6 9
8 10
7 9
7 9
8 10
8 10
8 10
7 9
8 10
8 10
6 9
8 10
8 10
3 6
3 7
2 8
9 1
4 6
3 7
9 1
4 6
9 1
9 1
9 1
9 1
9 1
8 2
4 5
4 5
4 5
8 1
4 6
9 1
9 1
5 5
7 3
5 4
7 2
2 3
2 3
2 3
2 3
1 3
2 4
3 5
2 4
2 4
3 5
2 4
2 5
4 6
3 5
4 6
4 6
4 6
2 5
4 6
5 7
5 7
5 7
4 6
5 7
5 7
5 7
3 7
6 8
4 7
6 8
5 7
6 8
5 7
5 7
6 8
6 8
6 8
3 8
7 9
4 8
7 9
4 8
7 9
5 8
7 9
6 8
6 8
7 9
7 9
7 9
6 8
5 8
2 9
8 10
3 9
8 10
4 9
8 10
5 9
8 10
6 9
8 10
7 9
7 9
8 10
8 10
8 10
7 9
8 10
8 10
6 9
8 10
8 10
4 6
4 7
3 8
9 1
4 6
4 7
9 1
9 1
9 1
9 1
9 1
8 2
5 6
5 6
5 6
8 1
4 6
9 1
9 1
5 5
7 2
5 5
7 2
3 4
3 4
3 4
3 4
2 4
2 5
3 5
4 6
3 5
3 5
4 6
5 7
3 6
5 7
4 6
5 7
5 7
5 7
4 7
6 8
5 7
6 8
5 7
5 7
6 8
6 8
6 8
4 8
7 9
4 8
7 9
5 8
7 9
6 8
6 8
7 9
7 9
7 9
5 8
5 8
3 9
8 10
4 9
8 10
5 9
8 10
6 9
8 10
7 9
7 9
8 10
8 10
8 10
7 9
8 10
8 10
6 9
8 10
8 10
5 7
4 7
4 8
9 1
5 7
9 1
9 1
9 1
9 1
8 2
5 6
5 6
5 6
8 1
5 7
5 7
9 1
9 1
5 6
7 2
5 5
8 2
6 5
4 5
4 5
4 5
4 5
3 5
4 6
5 7
4 6
4 6
5 7
5 7
4 7
6 8
5 7
5 7
6 8
6 8
6 8
4 8
7 9
5 8
7 9
6 8
6 8
7 9
7 9
7 9
5 8
5 8
4 9
8 10
5 9
8 10
6 9
8 10
7 9
7 9
8 10
8 10
8 10
7 9
8 10
8 10
6 9
8 10
8 10
5 7
5 8
9 1
5 7
9 1
9 1
9 1
8 2
5 6
5 6
5 6
8 1
5 7
9 1
9 1
5 6
5 8
5 8
8 2
6 6
8 2
6 5
5 6
5 6
5 6
5 6
4 6
5 7
5 7
6 8
5 7
5 7
6 8
5 8
5 8
7 9
6 8
6 8
7 9
7 9
7 9
5 8
5 8
5 9
8 10
6 9
8 10
7 9
7 9
8 10
8 10
8 10
7 9
8 10
8 10
6 9
8 10
8 10
9 1
9 1
9 1
8 2
6 7
6 7
6 7
8 1
5 7
9 1
9 1
6 7
5 8
5 10
5 10
5 8
5 10
8 2
6 6
8 2
6 6
6 7
6 7
6 7
6 7
5 7
5 8
5 8
6 8
6 8
7 9
6 8
6 8
7 9
6 9
6 9
8 10
7 9
7 9
8 10
8 10
8 10
6 9
8 10
8 10
8 10
8 10
6 8
9 1
9 1
8 3
6 7
6 7
6 7
8 1
6 8
9 1
9 1
6 7
6 9
6 9
8 2
6 7
8 2
7 7
7 8
7 8
7 8
7 8
6 8
6 8
6 8
7 8
7 9
7 9
8 10
7 9
7 9
8 10
8 10
8 10
8 10
8 10
7 10
9 1
8 4
7 8
7 8
7 8
8 1
7 9
9 1
9 1
7 8
7 9
8 2
7 8
8 2
7 7
8 9
8 9
8 9
8 9
7 9
7 9
7 9
7 9
8 9
8 5
8 9
8 8
8 9
8 1
8 10
8 10
9 1
8 9
8 10
8 10
8 10
8 2
8 10
8 2
9 10
8 6
9 10
8 1
8 5
9 10
8 9
8 8
9 10
8 9
8 2
8 2
2 3
3 4
1 2
2 3
3 4
4 5
2 3
2 3
3 4
4 5
5 6
3 4
3 4
5 6
6 7
4 5
6 7
7 8
5 6
6 7
7 8
7 8
8 9
6 7
6 7
7 8
8 9
8 9
9 10
8 9
9 10
8 9
8 9
9 10
8 9
7 8
8 9
8 9
10 1
8 8
9 1
9 2
8 9
2 3
8 9
6 7
9 10
8 9
8 9
9 10
8 9
3 4
7 8
8 9
8 1
9 1
2 4
3 5
2 4
4 6
5 7
6 8
7 9
8 10
8 10
8 10
8 10
8 10
9 1
8 9
8 10
8 10
8 10
8 2
8 10
8 2
10 2
18 19
12 23
15 21
17 19
17 20
15 21
20 18
20 18
14 22
13 12
13 13
14 14
14 14
13 12
10 9
10 8
13 12
13 12
10 8
13 13
10 8
11 10
13 12
12 10
10 8
13 12
13 12
10 8
18 20
24 10
20 16
22 14
24 10
19 17
20 15
19 17
21 14
13 24
15 21
17 20
22 16
23 15
30 10
17 20
15 22
22 16
21 16
23 15
14 22
11 14
12 13
17 10
13 12
15 11
13 12
10 15
14 11
14 12
15 10
17 9
11 14
11 13
13 12
15 11
10 14
15 11
15 11
10 14
13 12
13 12
17 9
20 8
10 22
10 22
10 22
5 20
15 25
10 22
10 22
12 16
16 23
13 17
10 13
18 26
13 18
9 11
17 24
9 12
8 10
12 16
16 22
11 14
16 23
8 9
19 26
8 10
12 17
11 14
10 13
12 16
8 10
11 15
14 18
8 10
9 11
8 10
8 10
7 8
15 14
15 13
12 12
10 12
15 14
10 12
17 14
12 13
13 13
13 13
16 14
11 12
13 13
18 15
19 12
14 14
25 10
15 14
8 17
17 13
12 16
8 17
24 10
13 15
16 14
18 13
11 16
14 15
12 15
12 15
18 13
11 16
16 14
16 13
18 17
17 21
20 10
16 22
16 23
18 16
19 14
18 17
19 11
19 13
18 14
16 24
12 19
15 13
10 25
12 19
16 10
15 13
16 11
17 9
10 23
14 15
10 25
16 11
13 17
16 11
13 17
15 13
15 13
17 9
11 21
16 10
9 13
6 14
13 12
5 15
14 12
14 12
14 12
11 13
10 13
13 12
9 13
15 12
9 13
13 12
12 12
8 14
15 12
5 15
22 15
23 13
19 24
21 19
21 19
22 17
22 15
16 17
15 18
11 19
11 19
11 19
22 15
12 19
19 17
21 16
10 19
18 17
11 19
22 15
13 18
10 20
8 10
8 10
7 10
8 10
5 8
9 11
8 11
8 10
23 13
20 15
20 14
20 15
16 16
17 23
15 11
17 22
15 10
15 13
15 10
16 16
15 11
15 11
15 11
15 13
15 13
18 25
15 11
8 17
8 19
11 8
10 8
12 5
9 12
10 10
9 13
11 8
9 13
10 11
10 11
12 5
16 14
17 12
16 16
17 12
15 20
17 14
17 14
6 15
9 9
8 12
10 8
8 12
8 10
7 12
10 8
8 11
8 10
8 11
9 10
10 8
11 19
11 19
12 13
11 18
14 7
13 11
15 5
10 22
12 14
10 25
13 11
12 15
13 10
12 16
13 12
13 12
14 7
11 20
11 19
12 18
10 21
10 20
10 18
17 23
19 24
12 19
10 18
11 19
5 15
14 12
14 12
16 11
18 10
11 14
11 13
13 12
15 11
10 14
15 11
15 11
10 14
13 12
13 12
18 10
15 11
10 18
21 19
23 18
24 16
16 23
8 9
10 8
8 10
16 6
11 8
20 5
11 8
8 10
14 7
9 9
8 9
8 10
22 17
22 15
8 12
8 10
8 11
8 10
8 11
10 5
8 10
14 12
15 10
13 14
14 11
13 16
14 10
12 17
14 13
14 13
11 9
20 18
13 11
13 11
10 8
16 14
15 13
10 8
16 11
15 10
17 12
20 15
16 11
7 10
6 11
7 10
8 10
7 10
8 10
17 8
18 10
17 9
11 13
10 23
11 10
11 14
11 9
11 15
11 11
11 12
12 5
10 20
13 14
8 12
8 12
14 11
12 16
14 10
12 16
13 12
13 12
11 20
5 10
15 11
15 11
6 10
9 10
5 10
8 10
15 11
8 10
10 14
5 10
8 12
7 11
15 11
17 9
15 12
15 11
10 8
7 10
8 12
7 11
14 13
8 10
8 10
8 10
8 11
7 10
17 9
9 9

Tiempo de ejecución: 0.00300000000 segundos