400
2 6 9 8
1 7 6 4
10 4 7 5
5 2 3 6
6 9 2 10
1 5 10 3
7 8 4 2
9 6 1 8
2 3 7 9
4 10 8 5
9 1 6 4
7 3 5 2
10 2 4 7
1 9 3 6
5 7 8 10
2 5 4 9
6 10 3 7
8 1 9 4
3 2 6 10
7 9 5 1
9 6 7 10
4 2 3 8
1 4 6 5
8 7 9 2
3 10 1 6
6 4 2 9
7 8 10 5
4 3 6 1
2 9 7 10
5 6 4 3
9 1 10 7
3 4 5 8
8 6 2 9
10 5 8 7
1 3 6 4
7 2 9 5
9 4 1 10
6 3 2 7
5 9 4 6
10 7 8 3
2 5 10 4
8 9 1 6
6 7 4 5
3 8 2 7
9 5 6 3
1 4 7 9
10 8 6 2
4 3 1 10
5 7 9 6
6 9 5 4
8 3 7 1
1 10 9 4
7 2 6 3
4 8 9 5
10 1 2 7
3 9 6 8
5 4 1 10
8 7 6 3
1 9 7 2
10 3 8 6
9 5 2 7
4 6 3 9
2 5 1 10
8 10 9 4
7 2 6 3
9 4 1 7
5 8 6 2
3 10 7 9
10 1 5 6
4 9 3 2
8 7 9 5
6 2 10 1
5 7 4 8
10 9 3 2
6 4 7 1
3 9 2 6
10 1 8 4
5 8 3 7
9 2 6 4
1 3 9 8
7 6 5 2
8 4 1 10
9 2 3 6
5 7 10 4
1 6 9 3
7 4 2 5
10 9 3 6
2 5 8 7
9 1 4 6
5 7 3 10
2 6 1 8
4 10 7 3
3 9 5 6
8 2 7 10
10 1 6 4
4 9 8 2
6 5 1 7
7 10 2 6
1 5 9 3
8 3 7 10
9 2 4 5
10 6 8 3
7 1 9 6
2 3 10 4
4 9 8 5
3 1 7 10
6 7 9 2
10 2 6 3
5 9 4 8
3 8 6 7
7 5 9 4
1 2 6 8
10 5 7 9
9 1 8 3
6 7 4 5
8 2 10 1
3 9 7 6
10 4 1 9
6 5 2 8
4 3 9 10
7 8 1 6
5 6 10 3
9 4 7 8
2 3 9 1
7 6 5 10
9 8 4 1
2 5 10 3
4 9 1 7
10 6 8 9
1 7 2 5
6 9 10 4
2 3 6 7
10 8 4 1
7 5 3 9
9 4 6 2
6 10 1 7
5 2 9 4
7 8 10 3
2 5 6 8
9 3 1 7
1 8 5 10
10 2 9 3
4 6 7 5
9 3 2 10
6 1 4 8
7 10 9 5
2 6 3 1
8 10 4 7
1 9 5 2
6 7 4 3
10 8 1 9
5 9 7 10
3 2 6 5
7 10 1 9
4 8 5 2
6 9 1 10
8 7 3 9
10 6 4 2
9 5 7 1
2 10 4 6
5 3 8 7
1 10 6 3
7 9 5 4
4 2 8 6
10 9 7 1
2 3 5 10
7 8 4 6
9 5 1 2
3 7 6 4
5 10 2 8
4 7 9 1
6 5 3 2
9 10 7 4
1 8 3 5
7 9 10 2
10 6 3 4
3 5 9 8
4 1 6 7
6 10 8 3
9 2 5 4
10 7 1 9
7 6 2 3
4 5 9 8
9 10 1 6
8 7 4 2
3 1 9 6
4 8 6 7
7 5 2 9
10 9 3 5
6 3 2 7
1 4 9 5
5 10 7 6
3 8 6 1
7 5 9 10
2 10 4 7
9 6 5 8
8 1 10 2
3 7 9 4
6 5 1 3
9 10 7 4
1 9 8 5
2 10 6 7
4 3 5 9
10 6 7 2
9 5 4 3
3 8 9 2
7 1 6 5
10 4 2 9
6 5 8 3
8 10 7 9
9 6 3 5
1 7 9 4
10 2 4 8
7 1 10 9
4 5 3 8
9 6 2 10
8 4 7 9
2 6 3 7
5 10 8 4
7 1 9 10
4 2 5 9
6 7 1 3
10 5 9 8
5 6 7 8
6 7 8 9
7 8 9 10
8 9 10 11
9 10 11 12
10 11 12 13
1 3 4 6
2 4 5 7
3 5 6 8
4 6 7 9
5 7 8 10
6 8 9 11
7 9 10 12
8 10 11 13
9 11 12 14
10 12 13 15
1 4 5 9
2 5 6 10
3 6 7 11
4 7 8 12
5 8 9 13
6 9 10 14
7 10 11 15
8 11 12 16
9 12 13 17
10 13 14 18
1 5 6 10
2 6 7 11
3 7 8 12
4 8 9 13
5 9 10 14
6 10 11 15
7 11 12 16
8 12 13 17
9 13 14 18
10 14 15 19
1 6 7 11
2 7 8 12
3 8 9 13
4 9 10 14
5 10 11 15
6 11 12 16
7 12 13 17
8 13 14 18
9 14 15 19
10 15 16 20
1 7 8 12
2 8 9 13
3 9 10 14
4 10 11 15
5 11 12 16
6 12 13 17
7 13 14 18
8 14 15 19
9 15 16 20
10 16 17 21
1 8 9 13
2 9 10 14
3 10 11 15
4 11 12 16
5 12 13 17
6 13 14 18
7 14 15 19
8 15 16 20
9 16 17 21
10 17 18 22
1 9 10 14
2 10 11 15
3 11 12 16
4 12 13 17
5 13 14 18
6 14 15 19
7 15 16 20
8 16 17 21
9 17 18 22
10 18 19 23
1 10 11 15
2 11 12 16
3 12 13 17
4 13 14 18
5 14 15 19
6 15 16 20
7 16 17 21
8 17 18 22
9 18 19 23
10 19 20 24
1 11 12 16
2 12 13 17
3 13 14 18
4 14 15 19
5 15 16 20
6 16 17 21
7 17 18 22
8 18 19 23
9 19 20 24
10 20 21 25
1 12 13 17
2 13 14 18
3 14 15 19
4 15 16 20
5 16 17 21
6 17 18 22
7 18 19 23
8 19 20 24
9 20 21 25
10 21 22 26
1 13 14 18
2 14 15 19
3 15 16 20
4 16 17 21
5 17 18 22
6 18 19 23
7 19 20 24
8 20 21 25
9 21 22 26
10 22 23 27
1 14 15 19
2 15 16 20
3 16 17 21
4 17 18 22
5 18 19 23
6 19 20 24
7 20 21 25
8 21 22 26
9 22 23 27
10 23 24 28
1 15 16 20
2 16 17 21
3 17 18 22
4 18 19 23
5 19 20 24
6 20 21 25
7 21 22 26
8 22 23 27
9 23 24 28
10 24 25 29
1 16 17 21
2 17 18 22
3 18 19 23
4 19 20 24
5 20 21 25
6 21 22 26
7 22 23 27
8 23 24 28
9 24 25 29
10 25 26 30
1 17 18 22
2 18 19 23
3 19 20 24
4 20 21 25
5 21 22 26
6 22 23 27
7 23 24 28
8 24 25 29
9 25 26 30
1 18 19 23
2 19 20 24
3 20 21 25
4 21 22 26
5 22 23 27
6 23 24 28
7 24 25 29
5 8 7 2
10 6 4 8
6 3 2 7
7 10 3 5
9 7 1 4
5 4 8 9
3 9 6 1
9 2 6 10
2 3 7 6
1 5 9 4
5 8 6 2
1 2 0 5
5 8 3 7
9 8 4 2
5 6 2 9