496
16 14
17 17
16 13
15 10
16 14
15 10
15 10
15 10
15 11
17 17
16 14
16 14
15 12
15 12
16 13
7 15
5 18
6 16
8 15
6 16
5 18
10 13
10 11
11 17
10 13
12 20
10 8
10 13
10 12
10 10
10 13
10 8
10 11
10 8
11 15
10 8
10 8
10 12
10 12
10 8
11 18
11 16
10 8
10 13
10 9
10 11
10 18
12 21
5 10
5 10
8 15
8 15
5 10
10 17
8 15
9 16
13 22
10 17
5 10
5 10
11 19
5 10
7 14
15 25
5 10
7 13
6 12
12 21
12 20
9 16
10 15
13 10
13 10
12 12
11 12
18 5
14 10
10 14
12 12
14 9
10 14
11 12
16 7
10 15
13 10
10 15
14 9
11 13
15 8
14 10
14 8
10 15
10 15
11 9
12 8
10 12
11 10
11 10
11 10
12 9
15 5
15 5
11 10
10 11
15 5
15 5
12 9
12 9
10 10
12 8
10 18
17 14
9 19
8 20
16 14
9 19
22 11
8 19
22 11
10 18
14 16
20 12
17 14
20 12
16 15
11 17
12 17
25 10
10 18
9 19
17 14
13 16
14 16
13 10
13 10
12 12
11 12
18 5
14 10
10 14
12 12
14 9
10 14
11 12
16 7
10 15
13 10
10 15
14 9
11 13
15 8
14 10
14 8
10 15
10 15
10 22
19 15
9 23
20 15
20 15
15 18
10 22
14 19
12 21
12 21
11 22
5 10
8 15
8 15
5 10
10 17
8 15
9 16
10 17
5 10
5 10
11 19
5 10
7 14
5 10
7 13
6 12
9 15
13 11
12 10
11 9
10 8
10 8
14 12
10 8
10 8
11 9
18 15
10 8
16 13
13 11
11 8
15 12
11 9
18 15
14 11
15 13
7 15
8 17
9 19
8 17
5 10
7 16
8 17
11 23
5 10
5 10
10 22
5 10
7 14
5 10
6 13
9 19
6 13
12 25
11 22
8 16
14 10
10 5
13 10
11 7
13 9
11 7
11 7
11 7
13 10
13 9
12 8
10 5
14 11
8 15
11 12
6 16
8 15
15 10
10 13
15 10
12 12
8 15
14 10
10 13
11 12
9 14
13 11
9 14
10 13
6 16
5 18
14 10
14 10
9 14
8 18
8 17
9 10
8 14
8 17
9 8
9 8
9 11
9 8
8 13
8 13
9 8
8 14
9 9
9 12
8 18
10 5
8 13
8 16
11 12
12 13
10 12
13 13
19 15
10 12
23 17
16 14
12 13
12 13
14 13
15 14
8 18
10 20
7 17
7 17
5 15
5 15
10 20
5 15
7 17
22 11
18 6
25 15
22 10
19 6
8 15
8 17
10 25
10 25
8 18
10 25
8 16
11 10
15 10
11 10
12 10
14 10
8 10
8 10
11 10
5 10
5 10
13 10
5 10
5 10
12 10
8 10
14 10
14 10
21 13
20 15
20 13
23 10
11 10
11 11
11 8
10 15
11 7
11 7
12 5
11 12
10 15
11 8
10 13
10 18
11 9
11 10
10 20
11 7
17 8
15 9
16 8
20 5
11 10
10 8
12 13
10 8
10 8
11 10
12 12
10 8
12 13
10 8
12 13
10 9
11 10
13 15
14 16
5 20
11 11
10 12
9 13
9 14
9 13
12 10
7 17
9 13
5 20
16 11
10 8
10 8
11 8
20 12
10 8
17 11
13 9
12 9
18 11
12 9
13 9
14 10
16 11
10 15
13 13
18 10
12 14
10 15
18 10
14 12
7 17
15 11
14 12
17 10
5 20
8 10
11 7
15 5
15 5
9 8
8 9
8 10
11 7
15 20
10 25
15 20
12 22
12 22
10 25
11 7
15 5
15 5
9 8
8 9
8 10
11 7
10 12
10 15
11 8
10 13
10 18
11 9
11 10
11 7
5 10
16 14
12 13
5 10
12 13
5 10
9 11
7 11
18 15
14 13
15 14
15 5
19 11
17 8
17 9
5 10
8 8
5 10
15 20
18 10
17 11
16 13
10 15
9 13
8 12
10 15
10 15
12 17
13 9
13 13
11 19
14 8
13 9
10 25
9 14
5 10
7 12
7 12
13 18
13 18
10 15
10 15
11 9
13 9
14 9
17 9
5 15
5 15
6 14
15 12
14 12
16 12
9 13
12 21
12 20
13 8
14 8
18 8
5 15
6 13
8 12
5 15
7 17
14 10
16 12
13 18
10 15

Tiempo de ejecución: 0.00100000000 segundos
