359
14 24
10 20
10 20
11 21
14 24
13 23
10 20
14 24
13 23
10 20
11 21
12 18
12 18
12 18
12 19
12 20
12 20
14 24
13 23
12 18
14 24
13 23
12 18
12 18
8 11
7 12
7 12
9 10
10 10
12 18
9 13
11 16
12 18
10 15
12 18
10 16
23 25
20 12
21 14
21 16
20 10
25 30
22 18
20 11
22 20
20 10
22 20
21 15
20 13
22 18
22 18
21 15
22 19
20 13
20 10
25 30
14 17
14 18
15 19
15 20
11 12
13 15
10 9
16 21
18 25
14 18
13 16
8 5
16 21
14 17
18 25
11 12
10 9
15 15
18 19
17 17
17 17
17 17
14 14
17 17
17 18
28 30
17 18
19 20
16 17
20 21
21 22
18 13
22 10
11 18
21 11
15 15
12 18
20 11
17 14
10 20
21 11
21 11
14 16
18 13
20 12
16 15
11 18
12 18
18 13
27 7
21 11
11 19
17 14
25 15
35 35
25 15
35 35
28 22
27 19
25 16
25 15
25 15
25 15
9 15
8 20
9 16
9 17
7 21
10 15
8 20
8 19
5 30
20 15
15 10
17 12
16 11
18 13
16 11
12 29
10 25
6 12
8 14
10 16
12 18
12 18
11 16
20 16
21 13
18 20
19 18
21 12
20 17
22 11
22 11
19 18
20 14
21 13
19 17
18 20
20 16
21 13
22 12
19 18
12 19
16 18
23 15
16 17
17 17
6 21
16 18
19 16
9 20
26 14
23 15
17 17
22 15
23 15
19 17
8 20
10 19
26 14
26 14
25 15
7 21
11 19
19 17
13 20
14 23
8 14
10 17
15 24
17 26
14 22
11 18
11 18
11 18
10 12
10 12
10 12
17 17
17 17
10 22
16 18
19 15
9 24
16 17
18 16
11 22
8 25
17 16
11 22
18 16
18 5
20 9
24 18
21 12
20 10
24 18
23 16
22 15
25 20
23 17
22 15
23 17
22 14
20 10
15 20
17 17
14 23
16 18
16 17
17 16
14 24
15 22
17 16
35 35
27 27
14 10
14 10
11 12
10 12
16 14
15 14
12 15
6 19
5 20
11 16
12 8
20 5
12 8
14 7
10 9
15 14
19 10
16 13
20 10
21 8
17 12
18 11
15 15
16 13
25 5
20 10
17 12
22 27
16 21
18 23
25 30
17 18
17 17
15 15
18 20
16 17
19 22
14 12
9 22
13 23
13 23
9 22
18 25
7 21
11 22
20 18
24 18
17 18
25 18
21 18
23 18
12 18
13 18
23 18
19 18
22 13
25 15
24 14
25 15
26 24
22 20
13 9
20 17
21 18
19 16
22 19
16 13
10 5
18 14
9 21
9 22
22 11
26 14
28 15
20 10
25 21
23 17
23 15
24 19
24 17
23 15
24 17
22 14
22 12
20 19
15 17
22 19
35 25
10 15
20 19
24 17
22 15
24 17
19 13
10 6
16 11
28 11
25 17
23 15
24 16
21 13
22 18
18 16
22 18
19 17
13 23
10 21
7 19
8 20
11 22
23 17
26 16
11 24
20 19
11 18
11 19
25 15
11 18
18 16
26 14
30 10
25 15
21 21
24 14
10 12
17 13

Tiempo de ejecución: 0.00000000000 segundos
