479
13 8
25 5
9 9
9 9
13 8
17 7
8 10
14 8
12 8
17 7
8 10
16 7
12 8
13 8
8 10
8 9
8 10
9 9
9 9
25 5
17 7
11 14
10 20
12 11
11 14
12 11
10 20
13 9
12 12
12 12
11 16
12 12
13 8
12 12
15 5
13 9
10 20
12 12
13 8
11 15
14 6
13 9
13 8
15 5
10 20
11 16
14 6
10 20
11 14
12 16
11 13
10 12
14 19
14 20
10 12
11 13
12 15
11 13
11 14
14 19
5 10
5 10
7 13
5 10
7 14
5 10
7 13
7 14
6 12
5 10
7 13
7 14
8 15
8 15
10 20
11 21
12 22
11 21
10 20
10 20
10 20
11 11
13 11
5 10
13 11
8 10
5 10
9 10
13 11
5 10
13 11
7 10
13 11
5 10
13 11
13 11
15 12
7 10
9 10
5 10
7 10
8 10
8 10
5 10
13 13
10 15
10 15
14 13
10 15
16 11
22 9
10 15
12 13
22 9
10 15
10 15
12 13
16 11
10 15
10 15
14 10
14 11
8 12
8 12
9 11
16 10
15 10
14 10
13 11
14 11
14 10
14 10
15 10
9 11
8 11
8 11
7 17
6 16
8 18
5 15
7 17
6 16
10 20
8 18
9 19
5 15
10 20
6 16
6 16
5 15
14 8
14 10
13 12
12 17
10 25
13 11
14 9
15 8
13 11
10 25
14 9
15 8
14 10
13 11
14 10
14 9
12 17
10 15
7 12
5 10
9 14
8 13
5 10
10 15
7 12
6 11
10 15
10 15
6 11
10 15
5 10
7 12
7 12
8 13
5 10
14 9
16 8
16 8
13 9
13 9
16 8
16 8
25 5
17 7
13 9
14 9
25 5
18 7
12 12
10 15
8 16
13 11
15 10
7 17
10 15
15 10
6 18
13 11
15 10
8 16
10 15
10 15
15 10
15 10
14 10
15 10
10 15
10 15
6 18
5 20
15 10
7 17
8 12
7 12
9 8
6 14
6 15
7 13
7 13
9 9
10 8
9 10
7 12
7 13
10 8
9 10
7 13
6 16
9 12
11 12
18 13
12 12
13 12
12 12
13 12
18 13
9 12
8 12
8 12
20 14
9 14
15 20
8 13
5 10
10 15
7 12
12 17
6 11
10 15
10 15
11 16
6 11
10 15
15 20
7 12
7 12
8 13
15 20
5 10
9 13
10 5
9 6
8 17
9 9
8 18
8 19
10 5
10 5
10 5
8 21
9 11
9 14
9 8
10 5
10 5
8 18
20 15
10 25
20 15
15 20
15 20
15 10
6 14
13 11
7 14
13 11
7 14
13 11
13 11
14 11
15 10
5 15
9 13
8 13
7 14
7 14
8 13
7 14
5 15
15 10
15 10
14 9
15 10
15 10
13 8
15 10
10 5
15 10
10 5
10 5
11 6
10 5
20 15
15 10
10 5
17 8
16 8
25 10
16 8
18 8
25 10
17 8
6 16
8 20
6 13
5 10
6 16
6 15
5 10
7 17
13 12
17 8
10 15
10 15
14 11
18 8
16 9
14 11
15 10
10 15
10 15
16 9
15 10
16 8
20 5
17 7
15 10
17 7
15 10
15 10
15 10
17 7
7 13
8 10
5 25
8 10
5 25
7 12
8 10
6 15
7 13
6 16
13 9
13 11
14 8
13 13
14 6
13 10
14 9
15 5
12 17
14 6
15 10
12 8
15 10
15 10
12 7
15 10
11 7
8 5
9 6
15 10
8 17
9 18
6 12
10 20
6 11
7 13
7 14
7 14
10 20
16 8
18 8
25 10
17 8
17 7
10 15
15 10
17 7
15 10
14 10
15 10
10 15
10 15
15 10
17 7
16 7
12 8
13 8
8 10
8 9
8 10
9 9
9 9
25 5
17 7
10 15
10 15
8 18
15 10
14 11
15 10
5 25
11 16
5 25
15 10
9 19
10 5
10 5
13 6
10 5
10 5
15 10
15 10
20 8
10 5
11 7
10 5
10 5
11 6
10 5
20 15
15 10
10 5
6 11
8 10
6 12
5 15
10 8
13 6
5 25
10 20
10 15
9 10
9 10
7 12
7 12
8 13
15 20
5 10
6 15
7 13
6 16
8 10
7 14
6 16
8 15
10 5
19 7

Tiempo de ejecución: 0.00100000000 segundos
